game_id,date,home,away,play_id,half,time_remaining_half,secs_remaining,secs_remaining_absolute,description,home_score,away_score,score_diff,play_length,win_prob,naive_win_prob,home_time_out_remaining,away_time_out_remaining,home_favored_by,shot_x,shot_y,shot_team,shot_outcome,shooter,assist,three_pt,free_throw,possession_before,possession_after
400992672,2018-02-17,Rice,Western Kentucky,1,1,20:00:00,2400,2400,PLAY,0,0,0,0,0.07236918282092794,0.5,4,4,-15.9,NA,NA,NA,NA,NA,NA,NA,NA,NA,Rice
400992672,2018-02-17,Rice,Western Kentucky,5,1,17:28:00,2248,2248,Bishop Mency Defensive Rebound.,0,8,-8,21,0.03666344976051342,0.31865545321291033,4,4,-15.9,NA,NA,NA,NA,NA,NA,NA,NA,Western Kentucky,Western Kentucky
400992672,2018-02-17,Rice,Western Kentucky,6,1,17:20:00,2240,2240,Darius Thompson Defensive Rebound.,0,8,-8,8,0.036646126329382,0.3180191672095218,4,4,-15.9,NA,NA,NA,NA,NA,NA,NA,NA,Western Kentucky,Western Kentucky
400992672,2018-02-17,Rice,Western Kentucky,7,1,17:13:00,2233,2233,Justin Johnson Offensive Rebound.,0,8,-8,7,0.03663144120037771,0.3174616332383898,4,4,-15.9,NA,NA,NA,NA,NA,NA,NA,NA,Western Kentucky,Western Kentucky
400992672,2018-02-17,Rice,Western Kentucky,8,1,17:07:00,2227,2227,Najja Hunter Block.,0,8,-8,6,0.03661921709633667,0.3169832183277449,4,4,-15.9,NA,NA,NA,NA,NA,NA,NA,NA,Western Kentucky,Western Kentucky
400992672,2018-02-17,Rice,Western Kentucky,9,1,17:06:00,2226,2226,Justin Johnson Offensive Rebound.,0,8,-8,1,0.03661721304601188,0.3169034382614829,4,4,-15.9,NA,NA,NA,NA,NA,NA,NA,NA,Western Kentucky,Western Kentucky
400992672,2018-02-17,Rice,Western Kentucky,10,1,17:04:00,2224,2224,Justin Johnson Offensive Rebound.,0,8,-8,2,0.03661323387965987,0.316743841959504,4,4,-15.9,NA,NA,NA,NA,NA,NA,NA,NA,Western Kentucky,Western Kentucky
400992672,2018-02-17,Rice,Western Kentucky,11,1,17:03:00,2223,2223,Justin Johnson made Two Point Tip Shot.,0,10,-10,1,0.03040157666484416,0.2765916536851338,4,4,-15.9,NA,NA,Western Kentucky,made,Justin Johnson,NA,FALSE,FALSE,Western Kentucky,Rice
400992672,2018-02-17,Rice,Western Kentucky,12,1,16:48:00,2208,2208,Taveion Hollingsworth Steal.,0,10,-10,15,0.03033701601528533,0.27520709588437314,4,4,-15.9,NA,NA,NA,NA,NA,NA,NA,NA,Rice,Western Kentucky
400992672,2018-02-17,Rice,Western Kentucky,13,1,16:45:00,2205,2205,Bishop Mency Defensive Rebound.,0,10,-10,3,0.03032432973011802,0.27493006883874815,4,4,-15.9,NA,NA,NA,NA,NA,NA,NA,NA,Western Kentucky,Western Kentucky
400992672,2018-02-17,Rice,Western Kentucky,14,1,16:06:00,2166,2166,Darius Thompson made Free Throw.,3,11,-8,39,0.03651613202004337,0.31210131433973254,4,4,-15.9,NA,NA,Western Kentucky,made,Darius Thompson,NA,FALSE,TRUE,Western Kentucky,Western Kentucky
400992672,2018-02-17,Rice,Western Kentucky,15,1,16:06:00,2166,2166,Darius Thompson made Free Throw.,3,12,-9,0,0.0331952161944664,0.2912949877857065,4,4,-15.9,NA,NA,Western Kentucky,made,Darius Thompson,NA,FALSE,TRUE,Western Kentucky,Western Kentucky
400992672,2018-02-17,Rice,Western Kentucky,16,1,15:53:00,2153,2153,Dwight Coleby Defensive Rebound.,3,12,-9,13,0.03316029848113331,0.290165702745696,4,4,-15.9,NA,NA,NA,NA,NA,NA,NA,NA,Western Kentucky,Western Kentucky
400992672,2018-02-17,Rice,Western Kentucky,17,1,15:35:00,2135,2135,Taveion Hollingsworth Offensive Rebound.,3,12,-9,18,0.03311399760335012,0.288597970872895,4,4,-15.9,NA,NA,NA,NA,NA,NA,NA,NA,Western Kentucky,Western Kentucky
400992672,2018-02-17,Rice,Western Kentucky,18,1,15:27:00,2127,2127,Robert Martin Defensive Rebound.,3,12,-9,8,0.03309413891499923,0.28789952610805664,4,4,-15.9,NA,NA,NA,NA,NA,NA,NA,NA,Western Kentucky,Western Kentucky
400992672,2018-02-17,Rice,Western Kentucky,20,1,12:13:00,1933,1933,Miles Lester Defensive Rebound.,14,18,-4,16,0.05541533550940001,0.3915210848443488,4,4,-15.9,NA,NA,NA,NA,NA,NA,NA,NA,Western Kentucky,Western Kentucky
400992672,2018-02-17,Rice,Western Kentucky,21,1,12:01:00,1921,1921,Bishop Mency Offensive Rebound.,14,18,-4,12,0.05554530955894118,0.3909246252629846,4,4,-15.9,NA,NA,NA,NA,NA,NA,NA,NA,Western Kentucky,Western Kentucky
400992672,2018-02-17,Rice,Western Kentucky,22,1,11:59:00,1919,1919,Josh Anderson Defensive Rebound.,14,18,-4,2,0.05556733992608166,0.39082533300908245,4,4,-15.9,NA,NA,NA,NA,NA,NA,NA,NA,Western Kentucky,Western Kentucky
400992672,2018-02-17,Rice,Western Kentucky,23,1,11:48:00,1908,1908,Miles Lester Defensive Rebound.,14,18,-4,11,0.05569038693100599,0.3902798036376047,4,4,-15.9,NA,NA,NA,NA,NA,NA,NA,NA,Western Kentucky,Western Kentucky
400992672,2018-02-17,Rice,Western Kentucky,24,1,11:39:00,1899,1899,Taveion Hollingsworth Defensive Rebound.,14,18,-4,9,0.05579335572184914,0.38983399337674823,4,4,-15.9,NA,NA,NA,NA,NA,NA,NA,NA,Western Kentucky,Western Kentucky
400992672,2018-02-17,Rice,Western Kentucky,26,1,10:52:00,1852,1852,Dwight Coleby Offensive Rebound.,14,20,-6,8,0.04535299288741473,0.3347635124337215,4,4,-15.9,NA,NA,NA,NA,NA,NA,NA,NA,Western Kentucky,Western Kentucky
400992672,2018-02-17,Rice,Western Kentucky,27,1,10:49:00,1849,1849,Dwight Coleby missed Two Point Tip Shot.,14,20,-6,3,0.04537016674367425,0.33455361651104376,4,4,-15.9,NA,NA,Western Kentucky,missed,Dwight Coleby,NA,FALSE,FALSE,Western Kentucky,Rice
400992672,2018-02-17,Rice,Western Kentucky,28,1,10:49:00,1849,1849,Malik Osborne Defensive Rebound.,14,20,-6,0,0.04537016674367425,0.33455361651104376,4,4,-15.9,NA,NA,NA,NA,NA,NA,NA,NA,Western Kentucky,Rice
400992672,2018-02-17,Rice,Western Kentucky,30,1,09:43:00,1783,1783,Darius Thompson Defensive Rebound.,16,20,-4,32,0.05726839754491001,0.38403405005668617,4,4,-15.9,NA,NA,NA,NA,NA,NA,NA,NA,Rice,Rice
400992672,2018-02-17,Rice,Western Kentucky,31,1,08:56:00,1736,1736,Jake Ohmer Steal.,16,20,-4,47,0.05791864078305114,0.3815914776043084,4,4,-15.9,NA,NA,NA,NA,NA,NA,NA,NA,Rice,Western Kentucky
400992672,2018-02-17,Rice,Western Kentucky,33,1,08:19:00,1699,1699,Austin Meyer Defensive Rebound.,16,23,-7,16,0.04117087555811595,0.29740774652761887,4,4,-15.9,NA,NA,NA,NA,NA,NA,NA,NA,Rice,Rice
400992672,2018-02-17,Rice,Western Kentucky,36,1,05:48:00,1548,1548,Connor Cashaw Steal.,23,32,-9,3,0.03263783117960009,0.2348621597352014,4,4,-15.9,NA,NA,NA,NA,NA,NA,NA,NA,Western Kentucky,Rice
400992672,2018-02-17,Rice,Western Kentucky,37,1,05:41:00,1541,1541,Dwight Coleby Block.,23,32,-9,7,0.03265020210933955,0.2342240999295943,4,4,-15.9,NA,NA,NA,NA,NA,NA,NA,NA,Rice,Rice
400992672,2018-02-17,Rice,Western Kentucky,38,1,05:39:00,1539,1539,Jake Ohmer Defensive Rebound.,23,32,-9,2,0.03265361639511969,0.23404105035368955,4,4,-15.9,NA,NA,NA,NA,NA,NA,NA,NA,Rice,Rice
400992672,2018-02-17,Rice,Western Kentucky,40,1,04:47:00,1487,1487,Connor Cashaw Offensive Rebound.,23,34,-11,24,0.02517467669499779,0.1849865721414341,4,4,-15.9,NA,NA,NA,NA,NA,NA,NA,NA,Rice,Rice
400992672,2018-02-17,Rice,Western Kentucky,41,1,04:33:00,1473,1473,Justin Johnson Defensive Rebound.,23,34,-11,14,0.0251316032656635,0.18353100995146504,4,4,-15.9,NA,NA,NA,NA,NA,NA,NA,NA,Rice,Rice
400992672,2018-02-17,Rice,Western Kentucky,44,1,03:30:00,1410,1410,Taveion Hollingsworth Offensive Rebound.,23,40,-17,4,0.01091953153250601,0.08498425897579413,4,4,-15.9,NA,NA,NA,NA,NA,NA,NA,NA,Western Kentucky,Western Kentucky
400992672,2018-02-17,Rice,Western Kentucky,45,1,03:29:00,1409,1409,Taveion Hollingsworth made Free Throw.,23,41,-18,1,0.00950335075496251,0.07464762546260618,4,4,-15.9,NA,NA,Western Kentucky,made,Taveion Hollingsworth,NA,FALSE,TRUE,Western Kentucky,Western Kentucky
400992672,2018-02-17,Rice,Western Kentucky,46,1,03:29:00,1409,1409,Taveion Hollingsworth made Free Throw.,23,42,-19,0,0.00827327325124797,0.0655434883067208,4,4,-15.9,NA,NA,Western Kentucky,made,Taveion Hollingsworth,NA,FALSE,TRUE,Western Kentucky,Rice
400992672,2018-02-17,Rice,Western Kentucky,49,1,02:31:00,1351,1351,Rice Deadball Team Rebound.,26,45,-19,0,0.00800350549654693,0.06151299048186795,4,4,-15.9,NA,NA,NA,NA,NA,NA,NA,NA,Rice,Rice
400992672,2018-02-17,Rice,Western Kentucky,50,1,02:31:00,1351,1351,Miles Lester made Free Throw.,27,45,-18,0,0.00922639369347859,0.07033214059209301,4,4,-15.9,NA,NA,Rice,made,Miles Lester,NA,FALSE,TRUE,Rice,Western Kentucky
400992672,2018-02-17,Rice,Western Kentucky,51,1,02:18:00,1338,1338,Justin Johnson made Free Throw.,27,46,-19,13,0.00794480044259057,0.06063815768785859,4,4,-15.9,NA,NA,Western Kentucky,made,Justin Johnson,NA,FALSE,TRUE,Western Kentucky,Western Kentucky
400992672,2018-02-17,Rice,Western Kentucky,52,1,02:18:00,1338,1338,Justin Johnson missed Free Throw.,27,46,-19,0,0.00794480044259057,0.06063815768785859,4,4,-15.9,NA,NA,Western Kentucky,missed,Justin Johnson,NA,FALSE,TRUE,Western Kentucky,Rice
400992672,2018-02-17,Rice,Western Kentucky,53,1,02:18:00,1338,1338,Malik Osborne Defensive Rebound.,27,46,-19,0,0.00794480044259057,0.06063815768785859,4,4,-15.9,NA,NA,NA,NA,NA,NA,NA,NA,Western Kentucky,Rice
400992672,2018-02-17,Rice,Western Kentucky,54,1,01:53:00,1313,1313,Western Kentucky Defensive Rebound.,27,46,-19,25,0.00782887992040768,0.05895310415665589,4,4,-15.9,NA,NA,NA,NA,NA,NA,NA,NA,Rice,Western Kentucky
400992672,2018-02-17,Rice,Western Kentucky,55,1,01:20:00,1280,1280,Connor Cashaw Steal.,27,46,-19,33,0.00766310744173763,0.0566820642241208,4,4,-15.9,NA,NA,NA,NA,NA,NA,NA,NA,Western Kentucky,Rice
400992672,2018-02-17,Rice,Western Kentucky,57,1,00:40:00,1240,1240,Ako Adams made Free Throw.,30,46,-16,1,0.01163508170425648,0.08205482946818667,4,4,-15.9,NA,NA,Rice,made,Ako Adams,NA,FALSE,TRUE,Rice,Rice
400992672,2018-02-17,Rice,Western Kentucky,58,1,00:40:00,1240,1240,Ako Adams made Free Throw.,31,46,-15,0,0.01350490651359235,0.0941633363484769,4,4,-15.9,NA,NA,Rice,made,Ako Adams,NA,FALSE,TRUE,Rice,Rice
400992672,2018-02-17,Rice,Western Kentucky,60,1,00:00:00,1200,1200,End of 1st half,31,48,-17,0,0.00970914168270933,0.06774155401675269,4,4,-15.9,NA,NA,NA,NA,NA,NA,NA,NA,Rice,NA
400992672,2018-02-17,Rice,Western Kentucky,61,2,20:00:00,1200,1200,PLAY,31,48,-17,0,0.00970914168270933,0.06774155401675269,4,4,-15.9,NA,NA,NA,NA,NA,NA,NA,NA,NA,Rice
400992672,2018-02-17,Rice,Western Kentucky,62,2,19:45:00,1185,1185,Najja Hunter Offensive Rebound.,31,48,-17,15,0.00959211332177983,0.06641266891071494,4,4,-15.9,NA,NA,NA,NA,NA,NA,NA,NA,Rice,Rice
400992672,2018-02-17,Rice,Western Kentucky,63,2,18:40:00,1120,1120,Taveion Hollingsworth Steal.,34,51,-17,65,0.00912916813333905,0.06113592047481979,4,4,-15.9,NA,NA,NA,NA,NA,NA,NA,NA,Rice,Western Kentucky
400992672,2018-02-17,Rice,Western Kentucky,64,2,18:16:00,1096,1096,Bishop Mency Defensive Rebound.,34,51,-17,24,0.00896142326969035,0.05927513846550086,4,4,-15.9,NA,NA,NA,NA,NA,NA,NA,NA,Western Kentucky,Rice
400992672,2018-02-17,Rice,Western Kentucky,65,2,18:07:00,1087,1087,Justin Johnson Defensive Rebound.,34,51,-17,9,0.00889716406938591,0.05857685488863391,4,4,-15.9,NA,NA,NA,NA,NA,NA,NA,NA,Rice,Rice
400992672,2018-02-17,Rice,Western Kentucky,66,2,17:47:00,1067,1067,Bishop Mency Defensive Rebound.,34,51,-17,20,0.00874999881319977,0.05701267842009097,4,4,-15.9,NA,NA,NA,NA,NA,NA,NA,NA,Rice,Rice
400992672,2018-02-17,Rice,Western Kentucky,67,2,17:20:00,1040,1040,Darius Thompson Defensive Rebound.,34,51,-17,27,0.00853809679231059,0.05485031443706454,4,4,-15.9,NA,NA,NA,NA,NA,NA,NA,NA,Rice,Rice
400992672,2018-02-17,Rice,Western Kentucky,68,2,17:14:00,1034,1034,Ako Adams Defensive Rebound.,34,51,-17,6,0.00848843884222853,0.05435875836677698,4,4,-15.9,NA,NA,NA,NA,NA,NA,NA,NA,Rice,Rice
400992672,2018-02-17,Rice,Western Kentucky,70,2,14:24:00,864,864,Justin Johnson Defensive Rebound.,42,58,-16,117,0.00846658003954486,0.04934327185420946,4,4,-15.9,NA,NA,NA,NA,NA,NA,NA,NA,Rice,Rice
400992672,2018-02-17,Rice,Western Kentucky,71,2,14:02:00,842,842,Bishop Mency Defensive Rebound.,42,58,-16,22,0.00829789429786493,0.04786630141466199,4,4,-15.9,NA,NA,NA,NA,NA,NA,NA,NA,Rice,Rice
400992672,2018-02-17,Rice,Western Kentucky,72,2,13:37:00,817,817,Darius Thompson Defensive Rebound.,42,58,-16,25,0.00808823612805565,0.04610165307866461,4,4,-15.9,NA,NA,NA,NA,NA,NA,NA,NA,Rice,Rice
400992672,2018-02-17,Rice,Western Kentucky,73,2,13:09:00,789,789,Bishop Mency made Free Throw.,43,60,-17,28,0.00645735525923186,0.0365202549211011,4,4,-15.9,NA,NA,Rice,made,Bishop Mency,NA,FALSE,TRUE,Rice,Rice
400992672,2018-02-17,Rice,Western Kentucky,74,2,13:09:00,789,789,Bishop Mency made Free Throw.,44,60,-16,0,0.00781746856444086,0.04393252400735089,4,4,-15.9,NA,NA,Rice,made,Bishop Mency,NA,FALSE,TRUE,Rice,Rice
400992672,2018-02-17,Rice,Western Kentucky,75,2,13:09:00,789,789,Bishop Mency made Free Throw.,45,60,-15,0,0.00946133454764142,0.05276681885932374,4,4,-15.9,NA,NA,Rice,made,Bishop Mency,NA,FALSE,TRUE,Rice,Western Kentucky
400992672,2018-02-17,Rice,Western Kentucky,76,2,12:43:00,763,763,Connor Cashaw Defensive Rebound.,45,60,-15,26,0.00913428708864294,0.05023851877193183,4,4,-15.9,NA,NA,NA,NA,NA,NA,NA,NA,Western Kentucky,Western Kentucky
400992672,2018-02-17,Rice,Western Kentucky,79,2,11:01:00,661,661,Josh Anderson missed Free Throw.,47,62,-15,10,0.00778082837129206,0.04020722652917741,4,4,-15.9,NA,NA,Western Kentucky,missed,Josh Anderson,NA,FALSE,TRUE,Western Kentucky,Western Kentucky
400992672,2018-02-17,Rice,Western Kentucky,80,2,11:01:00,661,661,Western Kentucky Deadball Team Rebound.,47,62,-15,0,0.00778082837129206,0.04020722652917741,4,4,-15.9,NA,NA,NA,NA,NA,NA,NA,NA,Western Kentucky,Western Kentucky
400992672,2018-02-17,Rice,Western Kentucky,81,2,11:01:00,661,661,Josh Anderson made Free Throw.,47,63,-16,0,0.00630684699402925,0.03279348925659209,4,4,-15.9,NA,NA,Western Kentucky,made,Josh Anderson,NA,FALSE,TRUE,Western Kentucky,Western Kentucky
400992672,2018-02-17,Rice,Western Kentucky,82,2,10:04:00,604,604,Josh Anderson Offensive Rebound.,47,63,-16,57,0.00574650032925989,0.02878184832985167,4,4,-15.9,NA,NA,NA,NA,NA,NA,NA,NA,Western Kentucky,Western Kentucky
400992672,2018-02-17,Rice,Western Kentucky,83,2,10:01:00,601,601,Josh Anderson made Two Point Tip Shot.,47,65,-18,3,0.00368269310151478,0.01855746914694861,4,4,-15.9,NA,NA,Western Kentucky,made,Josh Anderson,NA,FALSE,FALSE,Western Kentucky,Rice
400992672,2018-02-17,Rice,Western Kentucky,84,2,09:41:00,581,581,Darius Thompson Defensive Rebound.,47,65,-18,20,0.00349160747387994,0.01733108677349068,4,4,-15.9,NA,NA,NA,NA,NA,NA,NA,NA,Rice,Rice
400992672,2018-02-17,Rice,Western Kentucky,86,2,08:21:00,501,501,Tim Harrison Offensive Rebound.,49,70,-21,4,0.00130230242192806,0.00607049750251272,4,4,-15.9,NA,NA,NA,NA,NA,NA,NA,NA,Rice,Rice
400992672,2018-02-17,Rice,Western Kentucky,87,2,07:45:00,465,465,Malik Osborne Block.,49,70,-21,36,0.0011383678509551,0.00513667894150402,4,4,-15.9,NA,NA,NA,NA,NA,NA,NA,NA,Rice,Rice
400992672,2018-02-17,Rice,Western Kentucky,88,2,07:42:00,462,462,Darius Thompson Offensive Rebound.,49,70,-21,3,0.0011227610282742,0.00505158451496337,4,4,-15.9,NA,NA,NA,NA,NA,NA,NA,NA,Rice,Rice
400992672,2018-02-17,Rice,Western Kentucky,90,2,07:09:00,429,429,Rice Deadball Team Rebound.,49,73,-24,0,4.179882765752932e-4,0.00181861099522639,4,4,-15.9,NA,NA,NA,NA,NA,NA,NA,NA,Rice,Rice
400992672,2018-02-17,Rice,Western Kentucky,91,2,07:09:00,429,429,Dylan Jones missed Free Throw.,49,73,-24,0,4.179882765752932e-4,0.00181861099522639,4,4,-15.9,NA,NA,Rice,missed,Dylan Jones,NA,FALSE,TRUE,Rice,Rice
400992672,2018-02-17,Rice,Western Kentucky,92,2,07:09:00,429,429,Dwight Coleby Defensive Rebound.,49,73,-24,0,4.179882765752932e-4,0.00181861099522639,4,4,-15.9,NA,NA,NA,NA,NA,NA,NA,NA,Rice,Rice
400992672,2018-02-17,Rice,Western Kentucky,93,2,06:44:00,404,404,Justin Johnson made Free Throw.,49,74,-25,25,2.60639653144264e-4,0.00109951695643055,4,4,-15.9,NA,NA,Western Kentucky,made,Justin Johnson,NA,FALSE,TRUE,Western Kentucky,Western Kentucky
400992672,2018-02-17,Rice,Western Kentucky,94,2,06:44:00,404,404,Justin Johnson made Free Throw.,49,75,-26,0,1.9848819188442025e-4,8.374965448006198e-4,4,4,-15.9,NA,NA,Western Kentucky,made,Justin Johnson,NA,FALSE,TRUE,Western Kentucky,Western Kentucky
400992672,2018-02-17,Rice,Western Kentucky,95,2,06:20:00,380,380,Justin Johnson Defensive Rebound.,49,75,-26,24,1.631436237960205e-4,6.663066222930803e-4,4,4,-15.9,NA,NA,NA,NA,NA,NA,NA,NA,Western Kentucky,Western Kentucky
400992672,2018-02-17,Rice,Western Kentucky,96,2,06:08:00,368,368,Ako Adams Defensive Rebound.,49,75,-26,12,1.4698566960080327e-4,5.900795766822523e-4,4,4,-15.9,NA,NA,NA,NA,NA,NA,NA,NA,Western Kentucky,Western Kentucky
400992672,2018-02-17,Rice,Western Kentucky,97,2,05:49:00,349,349,Darius Thompson Defensive Rebound.,49,75,-26,19,1.2181614810823631e-4,4.753211618873129e-4,4,4,-15.9,NA,NA,NA,NA,NA,NA,NA,NA,Western Kentucky,Western Kentucky
400992672,2018-02-17,Rice,Western Kentucky,99,2,04:34:00,274,274,Marek Nelson made Two Point Tip Shot.,52,79,-27,3,4.736497037405784e-5,1.6343750982391976e-4,4,4,-15.9,NA,NA,Western Kentucky,made,Marek Nelson,NA,FALSE,FALSE,Western Kentucky,Rice
400992672,2018-02-17,Rice,Western Kentucky,100,2,04:14:00,254,254,Bishop Mency Offensive Rebound.,52,79,-27,20,5.735294861702188e-5,1.913080828434371e-4,4,4,-15.9,NA,NA,NA,NA,NA,NA,NA,NA,Rice,Rice
400992672,2018-02-17,Rice,Western Kentucky,101,2,04:09:00,249,249,Bishop Mency made Two Point Tip Shot.,54,79,-25,5,1.126101457652194e-4,3.7233022857909313e-4,4,4,-15.9,NA,NA,Rice,made,Bishop Mency,NA,FALSE,FALSE,Rice,Western Kentucky
400992672,2018-02-17,Rice,Western Kentucky,103,2,03:03:00,183,183,Rice Offensive Rebound.,56,82,-26,8,2.3239709015130243e-5,6.737208361550748e-5,4,4,-15.9,NA,NA,NA,NA,NA,NA,NA,NA,Rice,Rice
400992672,2018-02-17,Rice,Western Kentucky,105,2,02:40:00,160,160,Moustapha Diagne Defensive Rebound.,58,82,-24,0,1.528976264787795e-5,4.201233986912691e-5,4,4,-15.9,NA,NA,NA,NA,NA,NA,NA,NA,Rice,Western Kentucky
400992672,2018-02-17,Rice,Western Kentucky,106,2,02:10:00,130,130,Bishop Mency Steal.,58,82,-24,30,2.4541438662985084e-6,6.26153473175761e-6,4,4,-15.9,NA,NA,NA,NA,NA,NA,NA,NA,Western Kentucky,Rice
400992672,2018-02-17,Rice,Western Kentucky,107,2,02:04:00,124,124,Najja Hunter Offensive Rebound.,58,82,-24,6,1.5889110144034315e-6,3.991575903056961e-6,4,4,-15.9,NA,NA,NA,NA,NA,NA,NA,NA,Rice,Western Kentucky
400992672,2018-02-17,Rice,Western Kentucky,109,2,01:22:00,82,82,Rice Offensive Rebound.,60,82,-22,2,1.2380597310896396e-7,2.769911190225306e-7,4,4,-15.9,NA,NA,NA,NA,NA,NA,NA,NA,Rice,Western Kentucky
400992672,2018-02-17,Rice,Western Kentucky,110,2,00:03:00,3,3,Josh Anderson made Free Throw.,66,85,-19,79,1.7212967174265578e-10,2.99588637715824e-10,4,4,-15.9,NA,NA,Western Kentucky,made,Josh Anderson,NA,FALSE,TRUE,Western Kentucky,Western Kentucky
400992672,2018-02-17,Rice,Western Kentucky,111,2,00:03:00,3,3,Josh Anderson missed Free Throw.,66,85,-19,0,1.7212967174265578e-10,2.99588637715824e-10,4,4,-15.9,NA,NA,Western Kentucky,missed,Josh Anderson,NA,FALSE,TRUE,Western Kentucky,Rice
400992672,2018-02-17,Rice,Western Kentucky,112,2,00:03:00,3,3,Addison Owen Defensive Rebound.,66,85,-19,0,1.7212967174265578e-10,2.99588637715824e-10,4,4,-15.9,NA,NA,NA,NA,NA,NA,NA,NA,Western Kentucky,Rice
400992672,2018-02-17,Rice,Western Kentucky,113,2,00:00:00,0,0,End of Game,66,85,-19,3,5.375875287325502e-166,9.291736316326397e-166,4,4,-15.9,NA,NA,NA,NA,NA,NA,NA,NA,Rice,NA
