game_id,date,home,away,play_id,half,time_remaining_half,secs_remaining,secs_remaining_absolute,description,home_score,away_score,score_diff,play_length,win_prob,naive_win_prob,home_time_out_remaining,away_time_out_remaining,home_favored_by,shot_x,shot_y,shot_team,shot_outcome,shooter,assist,three_pt,free_throw,possession_before,possession_after
400991037,2018-02-17,Belmont,Morehead State,1,1,20:00:00,2400,2400,PLAY,0,0,0,0,0.9525768434638632,0.5,4,4,18.7,NA,NA,NA,NA,NA,NA,NA,NA,NA,Belmont
400991037,2018-02-17,Belmont,Morehead State,2,1,19:43:00,2383,2383,Dylan Windler Offensive Rebound.,0,0,0,17,0.9523454367012752,0.5,4,4,18.7,NA,NA,NA,NA,NA,NA,NA,NA,Belmont,Belmont
400991037,2018-02-17,Belmont,Morehead State,3,1,19:37:00,2377,2377,Malek Green Defensive Rebound.,0,0,0,6,0.9522623772299312,0.5,4,4,18.7,NA,NA,NA,NA,NA,NA,NA,NA,Belmont,Belmont
400991037,2018-02-17,Belmont,Morehead State,5,1,18:52:00,2332,2332,Dylan Windler Defensive Rebound.,0,2,-2,9,0.9424888898462038,0.4545178047929376,4,4,18.7,NA,NA,NA,NA,NA,NA,NA,NA,Morehead State,Morehead State
400991037,2018-02-17,Belmont,Morehead State,6,1,18:44:00,2324,2324,Dylan Windler Offensive Rebound.,0,2,-2,8,0.9423096565648292,0.4543425759993232,4,4,18.7,NA,NA,NA,NA,NA,NA,NA,NA,Morehead State,Morehead State
400991037,2018-02-17,Belmont,Morehead State,7,1,18:36:00,2316,2316,James Baker Defensive Rebound.,0,2,-2,8,0.9421283659395966,0.4541666112249718,4,4,18.7,NA,NA,NA,NA,NA,NA,NA,NA,Morehead State,Morehead State
400991037,2018-02-17,Belmont,Morehead State,8,1,18:15:00,2295,2295,Morehead State Offensive Rebound.,0,2,-2,21,0.9416425187976596,0.4537013997188336,4,4,18.7,NA,NA,NA,NA,NA,NA,NA,NA,Morehead State,Morehead State
400991037,2018-02-17,Belmont,Morehead State,9,1,18:02:00,2282,2282,Dylan Windler Defensive Rebound.,0,2,-2,13,0.9413343846228543,0.45341117649875384,4,4,18.7,NA,NA,NA,NA,NA,NA,NA,NA,Morehead State,Morehead State
400991037,2018-02-17,Belmont,Morehead State,11,1,17:06:00,2226,2226,Malek Green Defensive Rebound.,2,2,0,15,0.9499067838138108,0.5,4,4,18.7,NA,NA,NA,NA,NA,NA,NA,NA,Morehead State,Morehead State
400991037,2018-02-17,Belmont,Morehead State,13,1,15:55:00,2155,2155,Amanze Egekeze Offensive Rebound.,2,4,-2,23,0.9380040866903122,0.4505106076857768,4,4,18.7,NA,NA,NA,NA,NA,NA,NA,NA,Morehead State,Morehead State
400991037,2018-02-17,Belmont,Morehead State,18,1,13:01:00,1981,1981,Dylan Windler Defensive Rebound.,9,10,-1,21,0.9388812741351032,0.4730851716124837,4,4,18.7,NA,NA,NA,NA,NA,NA,NA,NA,Belmont,Belmont
400991037,2018-02-17,Belmont,Morehead State,19,1,12:47:00,1967,1967,Djimon Henson Steal.,9,10,-1,14,0.93846043558377,0.47290753547912656,4,4,18.7,NA,NA,NA,NA,NA,NA,NA,NA,Belmont,Morehead State
400991037,2018-02-17,Belmont,Morehead State,20,1,12:28:00,1948,1948,Dylan Windler Defensive Rebound.,9,10,-1,19,0.9378778542677088,0.4726642009187456,4,4,18.7,NA,NA,NA,NA,NA,NA,NA,NA,Morehead State,Belmont
400991037,2018-02-17,Belmont,Morehead State,21,1,12:18:00,1938,1938,Richard Feagin Defensive Rebound.,9,10,-1,10,0.937565902867968,0.4725350508553408,4,4,18.7,NA,NA,NA,NA,NA,NA,NA,NA,Belmont,Belmont
400991037,2018-02-17,Belmont,Morehead State,22,1,12:01:00,1921,1921,Dylan Windler Defensive Rebound.,9,10,-1,17,0.9370267492731128,0.4723141435476238,4,4,18.7,NA,NA,NA,NA,NA,NA,NA,NA,Belmont,Belmont
400991037,2018-02-17,Belmont,Morehead State,23,1,11:46:00,1906,1906,Jordan Walker Defensive Rebound.,9,10,-1,15,0.9365403517448528,0.4721194061896508,4,4,18.7,NA,NA,NA,NA,NA,NA,NA,NA,Belmont,Belmont
400991037,2018-02-17,Belmont,Morehead State,24,1,11:26:00,1886,1886,Dylan Windler Defensive Rebound.,9,10,-1,20,0.93587596360426,0.47185998586772737,4,4,18.7,NA,NA,NA,NA,NA,NA,NA,NA,Belmont,Belmont
400991037,2018-02-17,Belmont,Morehead State,26,1,10:49:00,1849,1849,Dylan Windler Offensive Rebound.,12,10,2,4,0.9527282049903372,0.5570554774626687,4,4,18.7,NA,NA,NA,NA,NA,NA,NA,NA,Belmont,Belmont
400991037,2018-02-17,Belmont,Morehead State,28,1,10:42:00,1842,1842,Lamontray Harris Defensive Rebound.,14,10,4,0,0.9619629247431154,0.6129926125339111,4,4,18.7,NA,NA,NA,NA,NA,NA,NA,NA,Belmont,Morehead State
400991037,2018-02-17,Belmont,Morehead State,29,1,09:49:00,1789,1789,Seth Adelsperger Defensive Rebound.,16,12,4,53,0.9613243160028128,0.6156596666190358,4,4,18.7,NA,NA,NA,NA,NA,NA,NA,NA,Morehead State,Belmont
400991037,2018-02-17,Belmont,Morehead State,30,1,09:42:00,1782,1782,Lamontray Harris Defensive Rebound.,16,12,4,7,0.9612372238843898,0.6160171035267608,4,4,18.7,NA,NA,NA,NA,NA,NA,NA,NA,Belmont,Belmont
400991037,2018-02-17,Belmont,Morehead State,31,1,09:24:00,1764,1764,Dylan Windler Defensive Rebound.,16,12,4,18,0.9610108304434488,0.61694347591316,4,4,18.7,NA,NA,NA,NA,NA,NA,NA,NA,Belmont,Belmont
400991037,2018-02-17,Belmont,Morehead State,32,1,08:57:00,1737,1737,Amanze Egekeze Defensive Rebound.,16,12,4,27,0.9606655789996374,0.6183556376216363,4,4,18.7,NA,NA,NA,NA,NA,NA,NA,NA,Belmont,Belmont
400991037,2018-02-17,Belmont,Morehead State,37,1,05:13:00,1513,1513,Kevin McClain made Free Throw.,30,18,12,47,0.9848200686776908,0.8318624185612784,4,4,18.7,NA,NA,Belmont,made,Kevin McClain,NA,FALSE,TRUE,Belmont,Belmont
400991037,2018-02-17,Belmont,Morehead State,38,1,04:42:00,1482,1482,Morehead State Deadball Team Rebound.,30,18,12,31,0.9848485150264368,0.8349976073621482,4,4,18.7,NA,NA,NA,NA,NA,NA,NA,NA,Belmont,Morehead State
400991037,2018-02-17,Belmont,Morehead State,39,1,04:23:00,1463,1463,Tyler Hadden Offensive Rebound.,30,18,12,19,0.9848775211213496,0.836996349398039,4,4,18.7,NA,NA,NA,NA,NA,NA,NA,NA,Morehead State,Belmont
400991037,2018-02-17,Belmont,Morehead State,40,1,04:21:00,1461,1461,Tyler Hadden made Free Throw.,31,18,13,2,0.9867843417731936,0.8549652279742609,4,4,18.7,NA,NA,Belmont,made,Tyler Hadden,NA,FALSE,TRUE,Belmont,Belmont
400991037,2018-02-17,Belmont,Morehead State,41,1,04:21:00,1461,1461,Tyler Hadden made Free Throw.,32,18,14,0,0.988450739663336,0.871081545950395,4,4,18.7,NA,NA,Belmont,made,Tyler Hadden,NA,FALSE,TRUE,Belmont,Morehead State
400991037,2018-02-17,Belmont,Morehead State,42,1,03:35:00,1415,1415,Amanze Egekeze Block.,35,21,14,46,0.988579973641498,0.8757400271914353,4,4,18.7,NA,NA,NA,NA,NA,NA,NA,NA,Morehead State,Morehead State
400991037,2018-02-17,Belmont,Morehead State,43,1,03:35:00,1415,1415,Morehead State Offensive Rebound.,35,21,14,0,0.988579973641498,0.8757400271914353,4,4,18.7,NA,NA,NA,NA,NA,NA,NA,NA,Morehead State,Morehead State
400991037,2018-02-17,Belmont,Morehead State,44,1,02:46:00,1366,1366,Jordan Walker missed Free Throw.,37,23,14,49,0.9886747753001894,0.8802758029546027,4,4,18.7,NA,NA,Morehead State,missed,Jordan Walker,NA,FALSE,TRUE,Morehead State,Morehead State
400991037,2018-02-17,Belmont,Morehead State,45,1,02:46:00,1366,1366,Morehead State Deadball Team Rebound.,37,23,14,0,0.9886747753001894,0.8802758029546027,4,4,18.7,NA,NA,NA,NA,NA,NA,NA,NA,Morehead State,Morehead State
400991037,2018-02-17,Belmont,Morehead State,46,1,02:46:00,1366,1366,Jordan Walker made Free Throw.,37,24,13,0,0.9869628540850184,0.8644252106194549,4,4,18.7,NA,NA,Morehead State,made,Jordan Walker,NA,FALSE,TRUE,Morehead State,Belmont
400991037,2018-02-17,Belmont,Morehead State,48,1,02:34:00,1354,1354,Lamontray Harris Defensive Rebound.,39,24,15,0,0.9901891431408748,0.8955349225591159,4,4,18.7,NA,NA,NA,NA,NA,NA,NA,NA,Belmont,Morehead State
400991037,2018-02-17,Belmont,Morehead State,52,2,20:00:00,1200,1200,PLAY,51,28,23,0,0.9972763203082418,0.9720037854729052,4,4,18.7,NA,NA,NA,NA,NA,NA,NA,NA,NA,Belmont
400991037,2018-02-17,Belmont,Morehead State,54,2,18:39:00,1119,1119,A.J. Hicks Defensive Rebound.,54,30,24,17,0.997886863045291,0.9793313128962244,4,4,18.7,NA,NA,NA,NA,NA,NA,NA,NA,Belmont,Belmont
400991037,2018-02-17,Belmont,Morehead State,55,2,18:32:00,1112,1112,A.J. Hicks missed Free Throw.,54,30,24,7,0.997904883746728,0.9796016246301176,4,4,18.7,NA,NA,NA,missed,A.J. Hicks,NA,FALSE,TRUE,Belmont,Morehead State
400991037,2018-02-17,Belmont,Morehead State,56,2,18:32:00,1112,1112,Morehead State Deadball Team Rebound.,54,30,24,0,0.997904883746728,0.9796016246301176,4,4,18.7,NA,NA,NA,NA,NA,NA,NA,NA,Morehead State,Morehead State
400991037,2018-02-17,Belmont,Morehead State,57,2,18:32:00,1112,1112,A.J. Hicks missed Free Throw.,54,30,24,0,0.997904883746728,0.9796016246301176,4,4,18.7,NA,NA,NA,missed,A.J. Hicks,NA,FALSE,TRUE,Morehead State,Morehead State
400991037,2018-02-17,Belmont,Morehead State,58,2,18:32:00,1112,1112,Amanze Egekeze Defensive Rebound.,54,30,24,0,0.997904883746728,0.9796016246301176,4,4,18.7,NA,NA,NA,NA,NA,NA,NA,NA,Morehead State,Morehead State
400991037,2018-02-17,Belmont,Morehead State,61,2,17:12:00,1032,1032,Dylan Windler made Free Throw.,63,30,33,12,0.9995858699252144,0.9961304332570856,4,4,18.7,NA,NA,Belmont,made,Dylan Windler,NA,FALSE,TRUE,Belmont,Belmont
400991037,2018-02-17,Belmont,Morehead State,62,2,17:02:00,1022,1022,Amanze Egekeze Defensive Rebound.,63,30,33,10,0.9995959249481052,0.9962509813512126,4,4,18.7,NA,NA,NA,NA,NA,NA,NA,NA,Belmont,Belmont
400991037,2018-02-17,Belmont,Morehead State,63,2,16:16:00,976,976,Tyler Hadden made Free Throw.,67,32,35,46,0.9997487701565236,0.9977434542370216,4,4,18.7,NA,NA,Belmont,made,Tyler Hadden,NA,FALSE,TRUE,Belmont,Belmont
400991037,2018-02-17,Belmont,Morehead State,64,2,16:16:00,976,976,Tyler Hadden missed Free Throw.,67,32,35,0,0.9997487701565236,0.9977434542370216,4,4,18.7,NA,NA,Belmont,missed,Tyler Hadden,NA,FALSE,TRUE,Belmont,Belmont
400991037,2018-02-17,Belmont,Morehead State,65,2,16:16:00,976,976,Amanze Egekeze Offensive Rebound.,67,32,35,0,0.9997487701565236,0.9977434542370216,4,4,18.7,NA,NA,NA,NA,NA,NA,NA,NA,Belmont,Belmont
400991037,2018-02-17,Belmont,Morehead State,68,2,14:04:00,844,844,Amanze Egekeze Defensive Rebound.,72,40,32,0,0.9996918967742988,0.9974639642123512,4,4,18.7,NA,NA,NA,NA,NA,NA,NA,NA,Morehead State,Belmont
400991037,2018-02-17,Belmont,Morehead State,69,2,13:45:00,825,825,Seth Adelsperger made Free Throw.,73,40,33,19,0.9997564313386896,0.9980182303647136,4,4,18.7,NA,NA,Belmont,made,Seth Adelsperger,NA,FALSE,TRUE,Belmont,Belmont
400991037,2018-02-17,Belmont,Morehead State,70,2,13:45:00,825,825,Seth Adelsperger made Free Throw.,74,40,34,0,0.99979827570184,0.9983582020358288,4,4,18.7,NA,NA,Belmont,made,Seth Adelsperger,NA,FALSE,TRUE,Belmont,Morehead State
400991037,2018-02-17,Belmont,Morehead State,74,2,11:30:00,690,690,A.J. Hicks Defensive Rebound.,81,42,39,28,0.9999585106366864,0.9996953115296564,4,4,18.7,NA,NA,NA,NA,NA,NA,NA,NA,Morehead State,Morehead State
400991037,2018-02-17,Belmont,Morehead State,75,2,11:07:00,667,667,De'Von Cooper Defensive Rebound.,81,42,39,23,0.9999625808725002,0.9997302533929662,4,4,18.7,NA,NA,NA,NA,NA,NA,NA,NA,Morehead State,Morehead State
400991037,2018-02-17,Belmont,Morehead State,76,2,10:59:00,659,659,Austin Luke Defensive Rebound.,81,42,39,8,0.9999638725904532,0.9997412410959678,4,4,18.7,NA,NA,NA,NA,NA,NA,NA,NA,Morehead State,Morehead State
400991037,2018-02-17,Belmont,Morehead State,79,2,09:24:00,564,564,A.J. Hicks Defensive Rebound.,85,42,43,14,0.9999916659135598,0.9999452011071852,4,4,18.7,NA,NA,NA,NA,NA,NA,NA,NA,Morehead State,Morehead State
400991037,2018-02-17,Belmont,Morehead State,81,2,08:53:00,533,533,De'Von Cooper made Free Throw.,85,45,40,9,0.9999875558269474,0.9999209063256892,4,4,18.7,NA,NA,Morehead State,made,De'Von Cooper,NA,FALSE,TRUE,Morehead State,Morehead State
400991037,2018-02-17,Belmont,Morehead State,82,2,08:53:00,533,533,De'Von Cooper missed Free Throw.,85,45,40,0,0.9999875558269474,0.9999209063256892,4,4,18.7,NA,NA,Morehead State,missed,De'Von Cooper,NA,FALSE,TRUE,Morehead State,Belmont
400991037,2018-02-17,Belmont,Morehead State,83,2,08:53:00,533,533,Dylan Windler Defensive Rebound.,85,45,40,0,0.9999875558269474,0.9999209063256892,4,4,18.7,NA,NA,NA,NA,NA,NA,NA,NA,Morehead State,Belmont
400991037,2018-02-17,Belmont,Morehead State,86,2,07:17:00,437,437,Amanze Egekeze missed Free Throw.,92,47,45,38,0.9999985217496972,0.9999915608929832,4,4,18.7,NA,NA,Belmont,missed,Amanze Egekeze,NA,FALSE,TRUE,Belmont,Belmont
400991037,2018-02-17,Belmont,Morehead State,87,2,07:17:00,437,437,Belmont Deadball Team Rebound.,92,47,45,0,0.9999985217496972,0.9999915608929832,4,4,18.7,NA,NA,NA,NA,NA,NA,NA,NA,Belmont,Belmont
400991037,2018-02-17,Belmont,Morehead State,88,2,07:17:00,437,437,Amanze Egekeze made Free Throw.,93,47,46,0,0.9999988597522128,0.9999934904877756,4,4,18.7,NA,NA,Belmont,made,Amanze Egekeze,NA,FALSE,TRUE,Belmont,Belmont
400991037,2018-02-17,Belmont,Morehead State,89,2,07:17:00,437,437,Amanze Egekeze made Free Throw.,94,47,47,0,0.9999991204703876,0.9999949788845408,4,4,18.7,NA,NA,Belmont,made,Amanze Egekeze,NA,FALSE,TRUE,Belmont,Morehead State
400991037,2018-02-17,Belmont,Morehead State,90,2,06:59:00,419,419,Michael Benkert Defensive Rebound.,94,47,47,18,0.999999357629338,0.9999964250490976,4,4,18.7,NA,NA,NA,NA,NA,NA,NA,NA,Morehead State,Morehead State
400991037,2018-02-17,Belmont,Morehead State,91,2,06:24:00,384,384,Malek Green made Free Throw.,96,48,48,35,0.9999997208139122,0.9999985285676218,4,4,18.7,NA,NA,Morehead State,made,Malek Green,NA,FALSE,TRUE,Morehead State,Morehead State
400991037,2018-02-17,Belmont,Morehead State,92,2,06:24:00,384,384,Malek Green made Free Throw.,96,49,47,0,0.9999996306831432,0.9999980535399304,4,4,18.7,NA,NA,Morehead State,made,Malek Green,NA,FALSE,TRUE,Morehead State,Belmont
400991037,2018-02-17,Belmont,Morehead State,93,2,05:58:00,358,358,Dylan Windler missed Free Throw.,96,49,47,26,0.9999997629633562,0.9999988049098184,4,4,18.7,NA,NA,Belmont,missed,Dylan Windler,NA,FALSE,TRUE,Belmont,Belmont
400991037,2018-02-17,Belmont,Morehead State,94,2,05:58:00,358,358,Belmont Deadball Team Rebound.,96,49,47,0,0.9999997629633562,0.9999988049098184,4,4,18.7,NA,NA,NA,NA,NA,NA,NA,NA,Belmont,Belmont
400991037,2018-02-17,Belmont,Morehead State,95,2,05:58:00,358,358,Dylan Windler made Free Throw.,97,49,48,0,0.9999998226616046,0.9999991058959364,4,4,18.7,NA,NA,Belmont,made,Dylan Windler,NA,FALSE,TRUE,Belmont,Morehead State
400991037,2018-02-17,Belmont,Morehead State,96,2,05:50:00,350,350,Jordan Walker missed Free Throw.,97,49,48,8,0.9999998489502664,0.9999992492530488,4,4,18.7,NA,NA,Morehead State,missed,Jordan Walker,NA,FALSE,TRUE,Morehead State,Morehead State
400991037,2018-02-17,Belmont,Morehead State,97,2,05:50:00,350,350,Morehead State Deadball Team Rebound.,97,49,48,0,0.9999998489502664,0.9999992492530488,4,4,18.7,NA,NA,NA,NA,NA,NA,NA,NA,Morehead State,Morehead State
400991037,2018-02-17,Belmont,Morehead State,98,2,05:50:00,350,350,Jordan Walker missed Free Throw.,97,49,48,0,0.9999998489502664,0.9999992492530488,4,4,18.7,NA,NA,Morehead State,missed,Jordan Walker,NA,FALSE,TRUE,Morehead State,Morehead State
400991037,2018-02-17,Belmont,Morehead State,99,2,05:50:00,350,350,Malek Green Offensive Rebound.,97,49,48,0,0.9999998489502664,0.9999992492530488,4,4,18.7,NA,NA,NA,NA,NA,NA,NA,NA,Morehead State,Morehead State
400991037,2018-02-17,Belmont,Morehead State,100,2,05:49:00,349,349,Malek Green made Free Throw.,97,50,47,1,0.999999801481808,0.9999990151092591,4,4,18.7,NA,NA,Morehead State,made,Malek Green,NA,FALSE,TRUE,Morehead State,Morehead State
400991037,2018-02-17,Belmont,Morehead State,101,2,05:49:00,349,349,Malek Green missed Free Throw.,97,50,47,0,0.999999801481808,0.9999990151092591,4,4,18.7,NA,NA,Morehead State,missed,Malek Green,NA,FALSE,TRUE,Morehead State,Belmont
400991037,2018-02-17,Belmont,Morehead State,102,2,05:49:00,349,349,Dylan Windler Defensive Rebound.,97,50,47,0,0.999999801481808,0.9999990151092591,4,4,18.7,NA,NA,NA,NA,NA,NA,NA,NA,Morehead State,Belmont
400991037,2018-02-17,Belmont,Morehead State,104,2,05:19:00,319,319,Jordan Walker made Two Point Tip Shot.,100,52,48,6,0.9999999305980508,0.999999674586588,4,4,18.7,NA,NA,Morehead State,made,Jordan Walker,NA,FALSE,FALSE,Morehead State,Belmont
400991037,2018-02-17,Belmont,Morehead State,105,2,05:12:00,312,312,Lamontray Harris Defensive Rebound.,100,52,48,7,0.999999944292282,0.9999997423704752,4,4,18.7,NA,NA,NA,NA,NA,NA,NA,NA,Belmont,Morehead State
400991037,2018-02-17,Belmont,Morehead State,106,2,05:05:00,305,305,Malek Green made Free Throw.,100,53,47,7,0.9999999377055192,0.9999997158866856,4,4,18.7,NA,NA,Morehead State,made,Malek Green,NA,FALSE,TRUE,Morehead State,Morehead State
400991037,2018-02-17,Belmont,Morehead State,107,2,05:05:00,305,305,Malek Green missed Free Throw.,100,53,47,0,0.9999999377055192,0.9999997158866856,4,4,18.7,NA,NA,Morehead State,missed,Malek Green,NA,FALSE,TRUE,Morehead State,Belmont
400991037,2018-02-17,Belmont,Morehead State,108,2,05:05:00,305,305,Tyler Hadden Defensive Rebound.,100,53,47,0,0.9999999377055192,0.9999997158866856,4,4,18.7,NA,NA,NA,NA,NA,NA,NA,NA,Morehead State,Belmont
400991037,2018-02-17,Belmont,Morehead State,110,2,03:43:00,223,223,Seth Adelsperger Offensive Rebound.,100,55,45,23,0.9999998321141844,0.9999993517840008,4,4,18.7,NA,NA,NA,NA,NA,NA,NA,NA,Morehead State,Morehead State
400991037,2018-02-17,Belmont,Morehead State,111,2,03:39:00,219,219,Lamontray Harris Defensive Rebound.,100,55,45,4,0.99999984433887,0.9999994044226737,4,4,18.7,NA,NA,NA,NA,NA,NA,NA,NA,Morehead State,Morehead State
400991037,2018-02-17,Belmont,Morehead State,112,2,03:31:00,211,211,Malek Green Offensive Rebound.,100,55,45,8,0.999999877427882,0.9999995397019664,4,4,18.7,NA,NA,NA,NA,NA,NA,NA,NA,Morehead State,Morehead State
400991037,2018-02-17,Belmont,Morehead State,113,2,03:22:00,202,202,A.J. Hicks made Free Throw.,100,56,44,9,0.9999998887011106,0.999999591081978,4,4,18.7,NA,NA,NA,made,A.J. Hicks,NA,FALSE,TRUE,Morehead State,Morehead State
400991037,2018-02-17,Belmont,Morehead State,114,2,03:22:00,202,202,A.J. Hicks missed Free Throw.,100,56,44,0,0.9999998887011106,0.999999591081978,4,4,18.7,NA,NA,NA,missed,A.J. Hicks,NA,FALSE,TRUE,Morehead State,Morehead State
400991037,2018-02-17,Belmont,Morehead State,115,2,03:22:00,202,202,A.J. Hicks Offensive Rebound.,100,56,44,0,0.9999998887011106,0.999999591081978,4,4,18.7,NA,NA,NA,NA,NA,NA,NA,NA,Morehead State,Morehead State
400991037,2018-02-17,Belmont,Morehead State,116,2,03:08:00,188,188,Mack Mercer Steal.,100,56,44,14,0.999999961007991,0.9999998618197932,4,4,18.7,NA,NA,NA,NA,NA,NA,NA,NA,Morehead State,Belmont
400991037,2018-02-17,Belmont,Morehead State,117,2,02:59:00,179,179,De'Von Cooper Defensive Rebound.,100,56,44,9,0.9999999826129456,0.999999939851321,4,4,18.7,NA,NA,NA,NA,NA,NA,NA,NA,Belmont,Belmont
400991037,2018-02-17,Belmont,Morehead State,118,2,02:42:00,162,162,Kevin McClain made Free Throw.,101,58,43,17,0.9999999946744366,0.9999999824170522,4,4,18.7,NA,NA,Belmont,made,Kevin McClain,NA,FALSE,TRUE,Belmont,Belmont
400991037,2018-02-17,Belmont,Morehead State,119,2,02:42:00,162,162,Kevin McClain made Free Throw.,102,58,44,0,0.999999996484243,0.9999999883923318,4,4,18.7,NA,NA,Belmont,made,Kevin McClain,NA,FALSE,TRUE,Belmont,Morehead State
400991037,2018-02-17,Belmont,Morehead State,120,2,01:41:00,101,101,Alonzo Chatman made Free Throw.,104,62,42,61,0.9999999999962133,0.9999999999895968,4,4,18.7,NA,NA,Morehead State,made,Alonzo Chatman,NA,FALSE,TRUE,Morehead State,Morehead State
400991037,2018-02-17,Belmont,Morehead State,121,2,01:41:00,101,101,Alonzo Chatman made Free Throw.,104,63,41,0,0.9999999999930852,0.999999999981004,4,4,18.7,NA,NA,Morehead State,made,Alonzo Chatman,NA,FALSE,TRUE,Morehead State,Morehead State
400991037,2018-02-17,Belmont,Morehead State,124,2,00:26:00,26,26,James Baker missed Two Point Tip Shot.,108,63,45,3,1,1,4,4,18.7,NA,NA,Morehead State,missed,James Baker,NA,FALSE,FALSE,Morehead State,Morehead State
400991037,2018-02-17,Belmont,Morehead State,125,2,00:26:00,26,26,Alonzo Chatman Offensive Rebound.,108,63,45,0,1,1,4,4,18.7,NA,NA,NA,NA,NA,NA,NA,NA,Morehead State,Morehead State
400991037,2018-02-17,Belmont,Morehead State,126,2,00:23:00,23,23,Alonzo Chatman made Two Point Tip Shot.,108,65,43,3,1,1,4,4,18.7,NA,NA,Morehead State,made,Alonzo Chatman,NA,FALSE,FALSE,Morehead State,Belmont
400991037,2018-02-17,Belmont,Morehead State,127,2,00:00:00,0,0,End of Game,108,65,43,23,1,1,4,4,18.7,NA,NA,NA,NA,NA,NA,NA,NA,Belmont,NA
