game_id,date,home,away,play_id,half,time_remaining_half,secs_remaining,secs_remaining_absolute,description,home_score,away_score,score_diff,play_length,win_prob,naive_win_prob,home_time_out_remaining,away_time_out_remaining,home_favored_by,shot_x,shot_y,shot_team,shot_outcome,shooter,assist,three_pt,free_throw,possession_before,possession_after
400992101,2018-02-19,Wright State,Cleveland State,1,1,20:00:00,2400,2400,PLAY,0,0,0,0,0.9110278313092568,0.5,4,4,14.5,NA,NA,NA,NA,NA,NA,NA,NA,NA,Wright State
400992101,2018-02-19,Wright State,Cleveland State,3,1,18:56:00,2336,2336,Parker Ernsthausen Defensive Rebound.,0,2,-2,17,0.8936730838247998,0.4546051347726533,4,4,14.5,NA,NA,NA,NA,NA,NA,NA,NA,Wright State,Wright State
400992101,2018-02-19,Wright State,Cleveland State,4,1,18:30:00,2310,2310,Bobby Word Steal.,0,2,-2,26,0.8928261012358757,0.4540341708711008,4,4,14.5,NA,NA,NA,NA,NA,NA,NA,NA,Wright State,Cleveland State
400992101,2018-02-19,Wright State,Cleveland State,5,1,18:08:00,2288,2288,Cole Gentry Defensive Rebound.,0,2,-2,22,0.8920868221680988,0.4535453277550481,4,4,14.5,NA,NA,NA,NA,NA,NA,NA,NA,Cleveland State,Wright State
400992101,2018-02-19,Wright State,Cleveland State,7,1,16:56:00,2216,2216,Loudon Love made Free Throw.,3,2,1,27,0.914916954124765,0.5240978763366215,4,4,14.5,NA,NA,Wright State,made,Loudon Love,NA,FALSE,TRUE,Wright State,Wright State
400992101,2018-02-19,Wright State,Cleveland State,8,1,16:56:00,2216,2216,Loudon Love missed Free Throw.,3,2,1,0,0.914916954124765,0.5240978763366215,4,4,14.5,NA,NA,Wright State,missed,Loudon Love,NA,FALSE,TRUE,Wright State,Cleveland State
400992101,2018-02-19,Wright State,Cleveland State,9,1,16:56:00,2216,2216,Jamarcus Hairston Defensive Rebound.,3,2,1,0,0.914916954124765,0.5240978763366215,4,4,14.5,NA,NA,NA,NA,NA,NA,NA,NA,Wright State,Cleveland State
400992101,2018-02-19,Wright State,Cleveland State,10,1,16:26:00,2186,2186,Wright State Defensive Rebound.,3,2,1,30,0.9143388892042956,0.5244447916132549,4,4,14.5,NA,NA,NA,NA,NA,NA,NA,NA,Cleveland State,Cleveland State
400992101,2018-02-19,Wright State,Cleveland State,11,1,16:10:00,2170,2170,Anthony Wright Defensive Rebound.,3,2,1,16,0.9140190975855982,0.5246306745998974,4,4,14.5,NA,NA,NA,NA,NA,NA,NA,NA,Cleveland State,Cleveland State
400992101,2018-02-19,Wright State,Cleveland State,13,1,15:19:00,2119,2119,Kasheem Thomas Offensive Rebound.,3,5,-2,9,0.8856607780612935,0.44966980006767543,4,4,14.5,NA,NA,NA,NA,NA,NA,NA,NA,Cleveland State,Cleveland State
400992101,2018-02-19,Wright State,Cleveland State,16,1,13:58:00,2038,2038,Parker Ernsthausen Block.,6,7,-1,15,0.8925621518057473,0.4737948700033326,4,4,14.5,NA,NA,NA,NA,NA,NA,NA,NA,Cleveland State,Cleveland State
400992101,2018-02-19,Wright State,Cleveland State,17,1,13:58:00,2038,2038,Cleveland State Offensive Rebound.,6,7,-1,0,0.8925621518057473,0.4737948700033326,4,4,14.5,NA,NA,NA,NA,NA,NA,NA,NA,Cleveland State,Cleveland State
400992101,2018-02-19,Wright State,Cleveland State,18,1,13:44:00,2024,2024,Parker Ernsthausen Block.,6,7,-1,14,0.8920263382534123,0.4736224740327764,4,4,14.5,NA,NA,NA,NA,NA,NA,NA,NA,Cleveland State,Cleveland State
400992101,2018-02-19,Wright State,Cleveland State,19,1,13:43:00,2023,2023,Parker Ernsthausen Defensive Rebound.,6,7,-1,1,0.8919877423933736,0.47361011408406606,4,4,14.5,NA,NA,NA,NA,NA,NA,NA,NA,Cleveland State,Cleveland State
400992101,2018-02-19,Wright State,Cleveland State,20,1,13:37:00,2017,2017,Kenny Carpenter Defensive Rebound.,6,7,-1,6,0.8917552602293141,0.47353582322608984,4,4,14.5,NA,NA,NA,NA,NA,NA,NA,NA,Cleveland State,Cleveland State
400992101,2018-02-19,Wright State,Cleveland State,21,1,13:30:00,2010,2010,Parker Ernsthausen Defensive Rebound.,6,7,-1,7,0.8914820639659378,0.4734488627503662,4,4,14.5,NA,NA,NA,NA,NA,NA,NA,NA,Cleveland State,Cleveland State
400992101,2018-02-19,Wright State,Cleveland State,23,1,09:41:00,1781,1781,Bobby Word made Free Throw.,15,13,2,180,0.9136573780671576,0.5588377739524277,4,4,14.5,NA,NA,Cleveland State,made,Bobby Word,NA,FALSE,TRUE,Cleveland State,Cleveland State
400992101,2018-02-19,Wright State,Cleveland State,24,1,09:41:00,1781,1781,Bobby Word made Free Throw.,15,14,1,0,0.90386347472945,0.529521443051936,4,4,14.5,NA,NA,Cleveland State,made,Bobby Word,NA,FALSE,TRUE,Cleveland State,Cleveland State
400992101,2018-02-19,Wright State,Cleveland State,25,1,09:41:00,1781,1781,Bobby Word made Free Throw.,15,15,0,0,0.8930886372342292,0.5,4,4,14.5,NA,NA,Cleveland State,made,Bobby Word,NA,FALSE,TRUE,Cleveland State,Wright State
400992101,2018-02-19,Wright State,Cleveland State,28,1,06:59:00,1619,1619,Kenny Carpenter Steal.,20,21,-1,43,0.8723679648526619,0.4682113303369764,4,4,14.5,NA,NA,NA,NA,NA,NA,NA,NA,Wright State,Cleveland State
400992101,2018-02-19,Wright State,Cleveland State,29,1,06:56:00,1616,1616,Loudon Love Defensive Rebound.,20,21,-1,3,0.8721855192624437,0.4681705229978664,4,4,14.5,NA,NA,NA,NA,NA,NA,NA,NA,Cleveland State,Cleveland State
400992101,2018-02-19,Wright State,Cleveland State,30,1,06:21:00,1581,1581,Kasheem Thomas made Free Throw.,22,22,0,35,0.883956885063237,0.5,4,4,14.5,NA,NA,Cleveland State,made,Kasheem Thomas,NA,FALSE,TRUE,Cleveland State,Cleveland State
400992101,2018-02-19,Wright State,Cleveland State,31,1,06:21:00,1581,1581,Kasheem Thomas made Free Throw.,22,23,-1,0,0.8700098351868248,0.467694874775941,4,4,14.5,NA,NA,Cleveland State,made,Kasheem Thomas,NA,FALSE,TRUE,Cleveland State,Cleveland State
400992101,2018-02-19,Wright State,Cleveland State,33,1,03:50:00,1430,1430,Anthony Wright made Free Throw.,26,31,-5,60,0.7790496964969236,0.33345484167943473,4,4,14.5,NA,NA,Cleveland State,made,Anthony Wright,NA,FALSE,TRUE,Cleveland State,Cleveland State
400992101,2018-02-19,Wright State,Cleveland State,34,1,03:50:00,1430,1430,Anthony Wright made Free Throw.,26,32,-6,0,0.7542885200117067,0.3034081918520713,4,4,14.5,NA,NA,Cleveland State,made,Anthony Wright,NA,FALSE,TRUE,Cleveland State,Wright State
400992101,2018-02-19,Wright State,Cleveland State,35,1,03:39:00,1419,1419,Parker Ernsthausen made Free Throw.,29,32,-3,11,0.8219039544709806,0.3970733383392828,4,4,14.5,NA,NA,Wright State,made,Parker Ernsthausen,NA,FALSE,TRUE,Wright State,Wright State
400992101,2018-02-19,Wright State,Cleveland State,37,1,02:53:00,1373,1373,Cole Gentry Defensive Rebound.,29,34,-5,7,0.7706515678664296,0.32951563290436175,4,4,14.5,NA,NA,NA,NA,NA,NA,NA,NA,Wright State,Wright State
400992101,2018-02-19,Wright State,Cleveland State,38,1,02:38:00,1358,1358,Parker Ernsthausen made Free Throw.,30,34,-4,15,0.7928565768678165,0.3607822360034093,4,4,14.5,NA,NA,Wright State,made,Parker Ernsthausen,NA,FALSE,TRUE,Wright State,Wright State
400992101,2018-02-19,Wright State,Cleveland State,39,1,02:38:00,1358,1358,Parker Ernsthausen made Free Throw.,31,34,-3,0,0.8153602759840949,0.3943704081327692,4,4,14.5,NA,NA,Wright State,made,Parker Ernsthausen,NA,FALSE,TRUE,Wright State,Cleveland State
400992101,2018-02-19,Wright State,Cleveland State,41,1,02:23:00,1343,1343,Grant Benzinger Defensive Rebound.,31,36,-5,0,0.7660967613043514,0.3274863180350783,4,4,14.5,NA,NA,NA,NA,NA,NA,NA,NA,Cleveland State,Wright State
400992101,2018-02-19,Wright State,Cleveland State,42,1,02:14:00,1334,1334,Kenny Carpenter Defensive Rebound.,31,36,-5,9,0.7647049114190714,0.32687124152703373,4,4,14.5,NA,NA,NA,NA,NA,NA,NA,NA,Wright State,Wright State
400992101,2018-02-19,Wright State,Cleveland State,43,1,01:50:00,1310,1310,Jaylon Hall missed Free Throw.,31,36,-5,24,0.7609246299193233,0.32519903947404744,4,4,14.5,NA,NA,Wright State,missed,Jaylon Hall,NA,FALSE,TRUE,Wright State,Wright State
400992101,2018-02-19,Wright State,Cleveland State,44,1,01:50:00,1310,1310,Wright State Deadball Team Rebound.,31,36,-5,0,0.7609246299193233,0.32519903947404744,4,4,14.5,NA,NA,NA,NA,NA,NA,NA,NA,Wright State,Wright State
400992101,2018-02-19,Wright State,Cleveland State,45,1,01:50:00,1310,1310,Jaylon Hall missed Free Throw.,31,36,-5,0,0.7609246299193233,0.32519903947404744,4,4,14.5,NA,NA,Wright State,missed,Jaylon Hall,NA,FALSE,TRUE,Wright State,Wright State
400992101,2018-02-19,Wright State,Cleveland State,46,1,01:50:00,1310,1310,Grant Benzinger Offensive Rebound.,31,36,-5,0,0.7609246299193233,0.32519903947404744,4,4,14.5,NA,NA,NA,NA,NA,NA,NA,NA,Wright State,Wright State
400992101,2018-02-19,Wright State,Cleveland State,47,1,01:38:00,1298,1298,Anthony Wright Defensive Rebound.,31,36,-5,12,0.7589924646786892,0.324338601011039,4,4,14.5,NA,NA,NA,NA,NA,NA,NA,NA,Wright State,Wright State
400992101,2018-02-19,Wright State,Cleveland State,48,1,00:44:00,1244,1244,Wright State Deadball Team Rebound.,31,36,-5,54,0.7498726236602425,0.3201537286547831,4,4,14.5,NA,NA,NA,NA,NA,NA,NA,NA,Wright State,Wright State
400992101,2018-02-19,Wright State,Cleveland State,49,1,00:42:00,1242,1242,Parker Ernsthausen made Free Throw.,32,36,-4,2,0.7767486527718553,0.3536421198964404,4,4,14.5,NA,NA,Wright State,made,Parker Ernsthausen,NA,FALSE,TRUE,Wright State,Wright State
400992101,2018-02-19,Wright State,Cleveland State,50,1,00:42:00,1242,1242,Parker Ernsthausen made Free Throw.,33,36,-3,0,0.8018004699154972,0.3888138393962647,4,4,14.5,NA,NA,Wright State,made,Parker Ernsthausen,NA,FALSE,TRUE,Wright State,Wright State
400992101,2018-02-19,Wright State,Cleveland State,51,1,00:28:00,1228,1228,Mark Hughes Defensive Rebound.,33,36,-3,14,0.8000318234950057,0.3880254361329149,4,4,14.5,NA,NA,NA,NA,NA,NA,NA,NA,Wright State,Wright State
400992101,2018-02-19,Wright State,Cleveland State,52,1,00:03:00,1203,1203,Terrell Hales Steal.,33,36,-3,25,0.7967936003983668,0.3865285927396723,4,4,14.5,NA,NA,NA,NA,NA,NA,NA,NA,Wright State,Cleveland State
400992101,2018-02-19,Wright State,Cleveland State,53,1,00:00:00,1200,1200,End of 1st half,33,36,-3,3,0.7964031775100178,0.38634786325026177,4,4,14.5,NA,NA,NA,NA,NA,NA,NA,NA,Cleveland State,NA
400992101,2018-02-19,Wright State,Cleveland State,54,2,20:00:00,1200,1200,PLAY,33,36,-3,0,0.7964031775100178,0.38634786325026177,4,4,14.5,NA,NA,NA,NA,NA,NA,NA,NA,NA,Cleveland State
400992101,2018-02-19,Wright State,Cleveland State,57,2,17:26:00,1046,1046,Grant Benzinger Defensive Rebound.,38,41,-3,18,0.7760002852261977,0.3773729473130904,4,4,14.5,NA,NA,NA,NA,NA,NA,NA,NA,Wright State,Wright State
400992101,2018-02-19,Wright State,Cleveland State,58,2,17:13:00,1033,1033,Kasheem Thomas Defensive Rebound.,38,41,-3,13,0.7741183932510586,0.3765240061528634,4,4,14.5,NA,NA,NA,NA,NA,NA,NA,NA,Wright State,Wright State
400992101,2018-02-19,Wright State,Cleveland State,60,2,16:00:00,960,960,Grant Benzinger made Free Throw.,39,46,-7,29,0.6137800915068117,0.225960910914484,4,4,14.5,NA,NA,Wright State,made,Grant Benzinger,NA,FALSE,TRUE,Wright State,Wright State
400992101,2018-02-19,Wright State,Cleveland State,61,2,16:00:00,960,960,Grant Benzinger made Free Throw.,40,46,-6,0,0.6545554408950656,0.2581960106387337,4,4,14.5,NA,NA,Wright State,made,Grant Benzinger,NA,FALSE,TRUE,Wright State,Wright State
400992101,2018-02-19,Wright State,Cleveland State,62,2,15:38:00,938,938,Loudon Love Block.,40,46,-6,22,0.6486769038848672,0.25554547726112725,4,4,14.5,NA,NA,NA,NA,NA,NA,NA,NA,Wright State,Wright State
400992101,2018-02-19,Wright State,Cleveland State,63,2,15:37:00,937,937,Everett Winchester Defensive Rebound.,40,46,-6,1,0.6484206473508034,0.25543203796484243,4,4,14.5,NA,NA,NA,NA,NA,NA,NA,NA,Wright State,Wright State
400992101,2018-02-19,Wright State,Cleveland State,64,2,15:22:00,922,922,Kenny Carpenter Defensive Rebound.,40,46,-6,15,0.6446688581896545,0.2537892648333808,4,4,14.5,NA,NA,NA,NA,NA,NA,NA,NA,Wright State,Wright State
400992101,2018-02-19,Wright State,Cleveland State,65,2,15:10:00,910,910,Loudon Love Defensive Rebound.,40,46,-6,12,0.6417691374922353,0.2525401150187362,4,4,14.5,NA,NA,NA,NA,NA,NA,NA,NA,Wright State,Wright State
400992101,2018-02-19,Wright State,Cleveland State,66,2,14:55:00,895,895,Loudon Love made Free Throw.,43,46,-3,15,0.7529183763715712,0.36666427500089505,4,4,14.5,NA,NA,Wright State,made,Loudon Love,NA,FALSE,TRUE,Wright State,Wright State
400992101,2018-02-19,Wright State,Cleveland State,67,2,14:22:00,862,862,Anthony Wright Offensive Rebound.,43,46,-3,33,0.7483215683230243,0.3646535460524669,4,4,14.5,NA,NA,NA,NA,NA,NA,NA,NA,Wright State,Wright State
400992101,2018-02-19,Wright State,Cleveland State,68,2,14:18:00,858,858,Grant Benzinger Defensive Rebound.,43,46,-3,4,0.7477576733226081,0.36440576060341545,4,4,14.5,NA,NA,NA,NA,NA,NA,NA,NA,Wright State,Wright State
400992101,2018-02-19,Wright State,Cleveland State,70,2,12:59:00,779,779,Mark Hughes made Free Throw.,47,49,-2,32,0.7711853672008878,0.4043093833426463,4,4,14.5,NA,NA,Wright State,made,Mark Hughes,NA,FALSE,TRUE,Wright State,Wright State
400992101,2018-02-19,Wright State,Cleveland State,71,2,12:59:00,779,779,Mark Hughes made Free Throw.,48,49,-1,0,0.8035745639445087,0.45170837512706297,4,4,14.5,NA,NA,Wright State,made,Mark Hughes,NA,FALSE,TRUE,Wright State,Wright State
400992101,2018-02-19,Wright State,Cleveland State,73,2,12:18:00,738,738,Wright State Defensive Rebound.,48,51,-3,7,0.7267030139599366,0.35441958213896413,4,4,14.5,NA,NA,NA,NA,NA,NA,NA,NA,Wright State,Wright State
400992101,2018-02-19,Wright State,Cleveland State,74,2,12:00:00,720,720,Loudon Love Offensive Rebound.,48,51,-3,18,0.722416136009485,0.35226836234278713,4,4,14.5,NA,NA,NA,NA,NA,NA,NA,NA,Wright State,Wright State
400992101,2018-02-19,Wright State,Cleveland State,75,2,11:52:00,712,712,Jaylon Hall made Free Throw.,51,51,0,8,0.826397341418036,0.5,4,4,14.5,NA,NA,Wright State,made,Jaylon Hall,NA,FALSE,TRUE,Wright State,Cleveland State
400992101,2018-02-19,Wright State,Cleveland State,76,2,11:38:00,698,698,Mark Hughes Defensive Rebound.,51,51,0,14,0.8251019115899108,0.5,4,4,14.5,NA,NA,NA,NA,NA,NA,NA,NA,Cleveland State,Cleveland State
400992101,2018-02-19,Wright State,Cleveland State,77,2,11:17:00,677,677,Cleveland State Defensive Rebound.,51,51,0,21,0.8231859360048943,0.5,4,4,14.5,NA,NA,NA,NA,NA,NA,NA,NA,Cleveland State,Cleveland State
400992101,2018-02-19,Wright State,Cleveland State,78,2,10:59:00,659,659,Terrell Hales Offensive Rebound.,51,51,0,18,0.8215401411595767,0.5,4,4,14.5,NA,NA,NA,NA,NA,NA,NA,NA,Cleveland State,Cleveland State
400992101,2018-02-19,Wright State,Cleveland State,79,2,10:55:00,655,655,Terrell Hales missed Two Point Tip Shot.,51,51,0,4,0.8211708973862522,0.5,4,4,14.5,NA,NA,Cleveland State,missed,Terrell Hales,NA,FALSE,FALSE,Cleveland State,Wright State
400992101,2018-02-19,Wright State,Cleveland State,80,2,10:55:00,655,655,Loudon Love Defensive Rebound.,51,51,0,0,0.8211708973862522,0.5,4,4,14.5,NA,NA,NA,NA,NA,NA,NA,NA,Cleveland State,Wright State
400992101,2018-02-19,Wright State,Cleveland State,81,2,09:23:00,563,563,Loudon Love made Free Throw.,57,57,0,92,0.8114620721126431,0.5,4,4,14.5,NA,NA,Wright State,made,Loudon Love,NA,FALSE,TRUE,Wright State,Cleveland State
400992101,2018-02-19,Wright State,Cleveland State,82,2,09:00:00,540,540,Jamarcus Hairston Offensive Rebound.,57,57,0,23,0.8084407652854735,0.5,4,4,14.5,NA,NA,NA,NA,NA,NA,NA,NA,Cleveland State,Cleveland State
400992101,2018-02-19,Wright State,Cleveland State,83,2,08:56:00,536,536,Jamarcus Hairston made Two Point Tip Shot.,57,59,-2,4,0.7242641891384003,0.3844169427159169,4,4,14.5,NA,NA,Cleveland State,made,Jamarcus Hairston,NA,FALSE,FALSE,Cleveland State,Wright State
400992101,2018-02-19,Wright State,Cleveland State,84,2,08:44:00,524,524,Loudon Love Offensive Rebound.,57,59,-2,12,0.7212104271083055,0.3831465821827327,4,4,14.5,NA,NA,NA,NA,NA,NA,NA,NA,Wright State,Wright State
400992101,2018-02-19,Wright State,Cleveland State,85,2,08:39:00,519,519,Loudon Love missed Two Point Tip Shot.,57,59,-2,5,0.7199727785999988,0.3826512159023196,4,4,14.5,NA,NA,Wright State,missed,Loudon Love,NA,FALSE,FALSE,Wright State,Cleveland State
400992101,2018-02-19,Wright State,Cleveland State,86,2,08:39:00,519,519,Anthony Wright Defensive Rebound.,57,59,-2,0,0.7199727785999988,0.3826512159023196,4,4,14.5,NA,NA,NA,NA,NA,NA,NA,NA,Wright State,Cleveland State
400992101,2018-02-19,Wright State,Cleveland State,87,2,08:17:00,497,497,Loudon Love Defensive Rebound.,57,59,-2,22,0.7145823916308998,0.38056547979097555,4,4,14.5,NA,NA,NA,NA,NA,NA,NA,NA,Cleveland State,Wright State
400992101,2018-02-19,Wright State,Cleveland State,89,2,07:21:00,441,441,Mark Hughes made Free Throw.,61,59,2,17,0.8665933981383764,0.62627519960152,4,4,14.5,NA,NA,Wright State,made,Mark Hughes,NA,FALSE,TRUE,Wright State,Wright State
400992101,2018-02-19,Wright State,Cleveland State,90,2,07:21:00,441,441,Mark Hughes made Free Throw.,62,59,3,0,0.8937188563259928,0.6844730745644677,4,4,14.5,NA,NA,Wright State,made,Mark Hughes,NA,FALSE,TRUE,Wright State,Cleveland State
400992101,2018-02-19,Wright State,Cleveland State,91,2,06:50:00,410,410,Cole Gentry Steal.,62,59,3,31,0.8939168033296598,0.6922747795944373,4,4,14.5,NA,NA,NA,NA,NA,NA,NA,NA,Cleveland State,Wright State
400992101,2018-02-19,Wright State,Cleveland State,92,2,06:38:00,398,398,Mark Hughes made Free Throw.,63,59,4,12,0.9171992335101818,0.7500032626367592,4,4,14.5,NA,NA,Wright State,made,Mark Hughes,NA,FALSE,TRUE,Wright State,Wright State
400992101,2018-02-19,Wright State,Cleveland State,93,2,06:38:00,398,398,Mark Hughes made Free Throw.,64,59,5,0,0.9358087859878153,0.7979107168241443,4,4,14.5,NA,NA,Wright State,made,Mark Hughes,NA,FALSE,TRUE,Wright State,Cleveland State
400992101,2018-02-19,Wright State,Cleveland State,96,2,03:09:00,189,189,Kasheem Thomas Defensive Rebound.,71,59,12,17,0.9948609147255552,0.9863817115119354,4,4,14.5,NA,NA,NA,NA,NA,NA,NA,NA,Cleveland State,Cleveland State
400992101,2018-02-19,Wright State,Cleveland State,97,2,02:49:00,169,169,Loudon Love Steal.,71,59,12,20,0.9967797925180836,0.9917877404361098,4,4,14.5,NA,NA,NA,NA,NA,NA,NA,NA,Cleveland State,Wright State
400992101,2018-02-19,Wright State,Cleveland State,98,2,02:32:00,152,152,Kenny Carpenter Defensive Rebound.,71,59,12,17,0.9979202259345168,0.9948785057584516,4,4,14.5,NA,NA,NA,NA,NA,NA,NA,NA,Wright State,Cleveland State
400992101,2018-02-19,Wright State,Cleveland State,99,2,02:17:00,137,137,Mark Hughes Defensive Rebound.,71,59,12,15,0.9986617406035913,0.996810324771338,4,4,14.5,NA,NA,NA,NA,NA,NA,NA,NA,Cleveland State,Cleveland State
400992101,2018-02-19,Wright State,Cleveland State,100,2,01:34:00,94,94,Anthony Wright made Free Throw.,71,60,11,43,0.9995562155807076,0.999046159699373,4,4,14.5,NA,NA,Cleveland State,made,Anthony Wright,NA,FALSE,TRUE,Cleveland State,Cleveland State
400992101,2018-02-19,Wright State,Cleveland State,101,2,01:34:00,94,94,Anthony Wright missed Free Throw.,71,60,11,0,0.9995562155807076,0.999046159699373,4,4,14.5,NA,NA,Cleveland State,missed,Anthony Wright,NA,FALSE,TRUE,Cleveland State,Wright State
400992101,2018-02-19,Wright State,Cleveland State,102,2,01:34:00,94,94,Everett Winchester Defensive Rebound.,71,60,11,0,0.9995562155807076,0.999046159699373,4,4,14.5,NA,NA,NA,NA,NA,NA,NA,NA,Cleveland State,Wright State
400992101,2018-02-19,Wright State,Cleveland State,103,2,01:06:00,66,66,Terrell Hales Defensive Rebound.,71,60,11,28,0.999889270597566,0.999778987581725,4,4,14.5,NA,NA,NA,NA,NA,NA,NA,NA,Wright State,Cleveland State
400992101,2018-02-19,Wright State,Cleveland State,104,2,00:54:00,54,54,Kenny Carpenter made Free Throw.,71,61,10,12,0.999870393811663,0.9997498037593856,4,4,14.5,NA,NA,Cleveland State,made,Kenny Carpenter,NA,FALSE,TRUE,Cleveland State,Cleveland State
400992101,2018-02-19,Wright State,Cleveland State,105,2,00:54:00,54,54,Kenny Carpenter made Free Throw.,71,62,9,0,0.9997030289653716,0.999426806178128,4,4,14.5,NA,NA,Cleveland State,made,Kenny Carpenter,NA,FALSE,TRUE,Cleveland State,Wright State
400992101,2018-02-19,Wright State,Cleveland State,106,2,00:54:00,54,54,Cole Gentry missed Free Throw.,71,62,9,0,0.9997030289653716,0.999426806178128,4,4,14.5,NA,NA,Wright State,missed,Cole Gentry,NA,FALSE,TRUE,Wright State,Wright State
