game_id,date,home,away,play_id,half,time_remaining_half,secs_remaining,secs_remaining_absolute,description,home_score,away_score,score_diff,play_length,win_prob,naive_win_prob,home_time_out_remaining,away_time_out_remaining,home_favored_by,shot_x,shot_y,shot_team,shot_outcome,shooter,assist,three_pt,free_throw,possession_before,possession_after
400992800,2018-02-19,Norfolk State,South Carolina State,1,1,20:00,2400,2400,PLAY,0,0,0,0,0.843502884671893,0.5,4,4,10.5,NA,NA,NA,NA,NA,NA,NA,NA,NA,South Carolina State
400992800,2018-02-19,Norfolk State,South Carolina State,2,1,19:48,2388,2388,Patrell Rogers made Layup.,0,2,-2,12,0.8183081862848447,0.45572153375231284,4,4,10.5,NA,NA,South Carolina State,made,Patrell Rogers,NA,FALSE,FALSE,South Carolina State,Norfolk State
400992800,2018-02-19,Norfolk State,South Carolina State,3,1,19:22,2362,2362,Alex Long missed Jumper.,0,2,-2,26,0.8173086347441502,0.4551678976921304,4,4,10.5,NA,NA,Norfolk State,missed,Alex Long,NA,FALSE,FALSE,Norfolk State,South Carolina State
400992800,2018-02-19,Norfolk State,South Carolina State,4,1,19:22,2362,2362,Donte Wright Defensive Rebound.,0,2,-2,0,0.8173086347441502,0.4551678976921304,4,4,10.5,NA,NA,NA,NA,NA,NA,NA,NA,Norfolk State,South Carolina State
400992800,2018-02-19,Norfolk State,South Carolina State,5,1,19:10,2350,2350,Steven Whitley Defensive Rebound.,0,2,-2,12,0.8168368530075998,0.4549092390044173,4,4,10.5,NA,NA,NA,NA,NA,NA,NA,NA,South Carolina State,Norfolk State
400992800,2018-02-19,Norfolk State,South Carolina State,6,1,18:53,2333,2333,Ian Kinard Block.,0,2,-2,17,0.8161570569744064,0.45453965530089274,4,4,10.5,NA,NA,NA,NA,NA,NA,NA,NA,Norfolk State,Norfolk State
400992800,2018-02-19,Norfolk State,South Carolina State,7,1,18:52,2332,2332,Janai Raynor Powell Defensive Rebound.,0,2,-2,1,0.8161166485050587,0.45451780479293763,4,4,10.5,NA,NA,NA,NA,NA,NA,NA,NA,Norfolk State,Norfolk State
400992800,2018-02-19,Norfolk State,South Carolina State,8,1,18:49,2329,2329,Steven Whitley Defensive Rebound.,0,2,-2,3,0.8159951414538489,0.4544521819541921,4,4,10.5,NA,NA,NA,NA,NA,NA,NA,NA,Norfolk State,Norfolk State
400992800,2018-02-19,Norfolk State,South Carolina State,9,1,18:39,2319,2319,Ian Kinard Block.,0,2,-2,10,0.815587057130155,0.45423268255208255,4,4,10.5,NA,NA,NA,NA,NA,NA,NA,NA,Norfolk State,Norfolk State
400992800,2018-02-19,Norfolk State,South Carolina State,10,1,18:37,2317,2317,Alex Long Offensive Rebound.,0,2,-2,2,0.8155048732682125,0.4541886461494085,4,4,10.5,NA,NA,NA,NA,NA,NA,NA,NA,Norfolk State,Norfolk State
400992800,2018-02-19,Norfolk State,South Carolina State,11,1,18:36,2316,2316,Steven Whitley Offensive Rebound.,0,2,-2,1,0.8154637102535246,0.4541666112249718,4,4,10.5,NA,NA,NA,NA,NA,NA,NA,NA,Norfolk State,Norfolk State
400992800,2018-02-19,Norfolk State,South Carolina State,12,1,17:50,2270,2270,Alex Long made Free Throw.,4,4,0,46,0.840374895782095,0.5,4,4,10.5,NA,NA,Norfolk State,made,Alex Long,NA,FALSE,TRUE,Norfolk State,Norfolk State
400992800,2018-02-19,Norfolk State,South Carolina State,13,1,17:35,2255,2255,Alex Long Defensive Rebound.,4,4,0,15,0.8399778899073701,0.5,4,4,10.5,NA,NA,NA,NA,NA,NA,NA,NA,Norfolk State,Norfolk State
400992800,2018-02-19,Norfolk State,South Carolina State,14,1,17:23,2243,2243,Ozante Fields Defensive Rebound.,4,4,0,12,0.8396544841629188,0.5,4,4,10.5,NA,NA,NA,NA,NA,NA,NA,NA,Norfolk State,Norfolk State
400992800,2018-02-19,Norfolk State,South Carolina State,15,1,17:12,2232,2232,Steven Whitley Block.,4,4,0,11,0.8393534161638825,0.5,4,4,10.5,NA,NA,NA,NA,NA,NA,NA,NA,Norfolk State,Norfolk State
400992800,2018-02-19,Norfolk State,South Carolina State,16,1,17:10,2230,2230,Steven Whitley Defensive Rebound.,4,4,0,2,0.8392981968449622,0.5,4,4,10.5,NA,NA,NA,NA,NA,NA,NA,NA,Norfolk State,Norfolk State
400992800,2018-02-19,Norfolk State,South Carolina State,18,1,16:11,2171,2171,Norfolk State Offensive Rebound.,6,4,2,19,0.8626638981569006,0.5491190010690518,4,4,10.5,NA,NA,NA,NA,NA,NA,NA,NA,Norfolk State,Norfolk State
400992800,2018-02-19,Norfolk State,South Carolina State,20,1,15:15,2115,2115,Bryan Gellineau missed Two Point Tip Shot.,9,4,5,2,0.8941394702926537,0.6238596434201479,4,4,10.5,NA,NA,Norfolk State,missed,Bryan Gellineau,NA,FALSE,FALSE,Norfolk State,Norfolk State
400992800,2018-02-19,Norfolk State,South Carolina State,21,1,15:15,2115,2115,Steven Whitley Offensive Rebound.,9,4,5,0,0.8941394702926537,0.6238596434201479,4,4,10.5,NA,NA,NA,NA,NA,NA,NA,NA,Norfolk State,Norfolk State
400992800,2018-02-19,Norfolk State,South Carolina State,22,1,14:16,2056,2056,James Richardson Defensive Rebound.,12,7,5,59,0.8941417603798467,0.6271880839810767,4,4,10.5,NA,NA,NA,NA,NA,NA,NA,NA,Norfolk State,Norfolk State
400992800,2018-02-19,Norfolk State,South Carolina State,23,1,13:40,2020,2020,Steven Whitley Defensive Rebound.,12,7,5,36,0.8941249015251591,0.6292575594761398,4,4,10.5,NA,NA,NA,NA,NA,NA,NA,NA,Norfolk State,Norfolk State
400992800,2018-02-19,Norfolk State,South Carolina State,24,1,13:33,2013,2013,Steven Whitley missed Free Throw.,12,7,5,7,0.8941202899889118,0.6296637285287112,4,4,10.5,NA,NA,Norfolk State,missed,Steven Whitley,NA,FALSE,TRUE,Norfolk State,Norfolk State
400992800,2018-02-19,Norfolk State,South Carolina State,25,1,13:33,2013,2013,Norfolk State Deadball Team Rebound.,12,7,5,0,0.8941202899889118,0.6296637285287112,4,4,10.5,NA,NA,NA,NA,NA,NA,NA,NA,Norfolk State,Norfolk State
400992800,2018-02-19,Norfolk State,South Carolina State,26,1,13:33,2013,2013,Steven Whitley missed Free Throw.,12,7,5,0,0.8941202899889118,0.6296637285287112,4,4,10.5,NA,NA,Norfolk State,missed,Steven Whitley,NA,FALSE,TRUE,Norfolk State,Norfolk State
400992800,2018-02-19,Norfolk State,South Carolina State,27,1,13:33,2013,2013,David Bottenberg Defensive Rebound.,12,7,5,0,0.8941202899889118,0.6296637285287112,4,4,10.5,NA,NA,NA,NA,NA,NA,NA,NA,Norfolk State,Norfolk State
400992800,2018-02-19,Norfolk State,South Carolina State,28,1,13:21,2001,2001,Dan Robinson Block.,12,7,5,12,0.894111486014098,0.6303630272451317,4,4,10.5,NA,NA,NA,NA,NA,NA,NA,NA,Norfolk State,Norfolk State
400992800,2018-02-19,Norfolk State,South Carolina State,29,1,13:20,2000,2000,Dan Robinson Defensive Rebound.,12,7,5,1,0.8941107034327317,0.6304214768429788,4,4,10.5,NA,NA,NA,NA,NA,NA,NA,NA,Norfolk State,Norfolk State
400992800,2018-02-19,Norfolk State,South Carolina State,32,1,9:14,1754,1754,Nic Thomas Defensive Rebound.,24,14,10,1,0.9385246544286384,0.7679880980815545,4,4,10.5,NA,NA,NA,NA,NA,NA,NA,NA,Norfolk State,Norfolk State
400992800,2018-02-19,Norfolk State,South Carolina State,33,1,8:53,1733,1733,Norfolk State Defensive Rebound.,24,14,10,21,0.9388154863146669,0.770065387494896,4,4,10.5,NA,NA,NA,NA,NA,NA,NA,NA,Norfolk State,Norfolk State
400992800,2018-02-19,Norfolk State,South Carolina State,35,1,7:29,1649,1649,Steven Whitley Defensive Rebound.,26,17,9,28,0.9324908094447999,0.7560354135506394,4,4,10.5,NA,NA,NA,NA,NA,NA,NA,NA,Norfolk State,Norfolk State
400992800,2018-02-19,Norfolk State,South Carolina State,36,1,7:02,1622,1622,Stavian Allen Defensive Rebound.,26,17,9,27,0.9327401910910122,0.7584977993838061,4,4,10.5,NA,NA,NA,NA,NA,NA,NA,NA,Norfolk State,Norfolk State
400992800,2018-02-19,Norfolk State,South Carolina State,37,1,6:36,1596,1596,Stavian Allen Offensive Rebound.,26,17,9,26,0.9329563761409636,0.7608290038154768,4,4,10.5,NA,NA,NA,NA,NA,NA,NA,NA,Norfolk State,Norfolk State
400992800,2018-02-19,Norfolk State,South Carolina State,38,1,6:31,1591,1591,Stavian Allen Offensive Rebound.,26,17,9,5,0.9329964750598443,0.7612755546673405,4,4,10.5,NA,NA,NA,NA,NA,NA,NA,NA,Norfolk State,Norfolk State
400992800,2018-02-19,Norfolk State,South Carolina State,39,1,6:31,1591,1591,Stavian Allen made Free Throw.,27,17,10,0,0.940615999026472,0.7838998628832572,4,4,10.5,NA,NA,Norfolk State,made,Stavian Allen,NA,FALSE,TRUE,Norfolk State,Norfolk State
400992800,2018-02-19,Norfolk State,South Carolina State,40,1,6:31,1591,1591,Stavian Allen missed Free Throw.,27,17,10,0,0.940615999026472,0.7838998628832572,4,4,10.5,NA,NA,Norfolk State,missed,Stavian Allen,NA,FALSE,TRUE,Norfolk State,Norfolk State
400992800,2018-02-19,Norfolk State,South Carolina State,41,1,6:31,1591,1591,Damani Applewhite Defensive Rebound.,27,17,10,0,0.940615999026472,0.7838998628832572,4,4,10.5,NA,NA,NA,NA,NA,NA,NA,NA,Norfolk State,Norfolk State
400992800,2018-02-19,Norfolk State,South Carolina State,43,1,5:26,1526,1526,Norfolk State Defensive Rebound.,27,20,7,22,0.915080321014997,0.7165414387559381,4,4,10.5,NA,NA,NA,NA,NA,NA,NA,NA,South Carolina State,South Carolina State
400992800,2018-02-19,Norfolk State,South Carolina State,44,1,5:02,1502,1502,Norfolk State Offensive Rebound.,27,20,7,24,0.915151086205412,0.718547665005663,4,4,10.5,NA,NA,NA,NA,NA,NA,NA,NA,South Carolina State,South Carolina State
400992800,2018-02-19,Norfolk State,South Carolina State,45,1,4:41,1481,1481,Bryan Gellineau Offensive Rebound.,27,20,7,21,0.9152413101099358,0.7203695730890826,4,4,10.5,NA,NA,NA,NA,NA,NA,NA,NA,South Carolina State,South Carolina State
400992800,2018-02-19,Norfolk State,South Carolina State,46,1,4:38,1478,1478,Ozante Fields Block.,27,20,7,3,0.9152568261291941,0.7206357522671273,4,4,10.5,NA,NA,NA,NA,NA,NA,NA,NA,South Carolina State,South Carolina State
400992800,2018-02-19,Norfolk State,South Carolina State,47,1,4:35,1475,1475,Ozante Fields Defensive Rebound.,27,20,7,3,0.9152730647041892,0.7209035251850643,4,4,10.5,NA,NA,NA,NA,NA,NA,NA,NA,South Carolina State,South Carolina State
400992800,2018-02-19,Norfolk State,South Carolina State,48,1,4:30,1470,1470,James Richardson Offensive Rebound.,27,20,7,5,0.9153017940586943,0.7213534601655,4,4,10.5,NA,NA,NA,NA,NA,NA,NA,NA,South Carolina State,South Carolina State
400992800,2018-02-19,Norfolk State,South Carolina State,49,1,4:25,1465,1465,Alex Long Defensive Rebound.,27,20,7,5,0.915332692283286,0.7218081082803176,4,4,10.5,NA,NA,NA,NA,NA,NA,NA,NA,South Carolina State,South Carolina State
400992800,2018-02-19,Norfolk State,South Carolina State,50,1,4:15,1455,1455,Damani Applewhite Defensive Rebound.,27,20,7,10,0.915401398046819,0.7227322531711553,4,4,10.5,NA,NA,NA,NA,NA,NA,NA,NA,South Carolina State,South Carolina State
400992800,2018-02-19,Norfolk State,South Carolina State,52,1,3:57,1437,1437,Kyle Williams Defensive Rebound.,27,22,5,0,0.8915824306036775,0.6660384479101803,4,4,10.5,NA,NA,NA,NA,NA,NA,NA,NA,South Carolina State,Norfolk State
400992800,2018-02-19,Norfolk State,South Carolina State,53,1,2:54,1374,1374,Ozante Fields Defensive Rebound.,29,24,5,63,0.8911483660146471,0.6704168320337192,4,4,10.5,NA,NA,NA,NA,NA,NA,NA,NA,Norfolk State,Norfolk State
400992800,2018-02-19,Norfolk State,South Carolina State,55,1,1:15,1275,1275,David Bottenberg Defensive Rebound.,29,28,1,20,0.8177568700800313,0.537018308236849,4,4,10.5,NA,NA,NA,NA,NA,NA,NA,NA,Norfolk State,Norfolk State
400992800,2018-02-19,Norfolk State,South Carolina State,58,1,0:00,1200,1200,End of 1st half,31,30,1,0,0.8141159061539484,0.5384812553577752,4,4,10.5,NA,NA,NA,NA,NA,NA,NA,NA,South Carolina State,NA
400992800,2018-02-19,Norfolk State,South Carolina State,59,2,20:00,1200,1200,PLAY,31,30,1,0,0.8141159061539484,0.5384812553577752,4,4,10.5,NA,NA,NA,NA,NA,NA,NA,NA,NA,Norfolk State
400992800,2018-02-19,Norfolk State,South Carolina State,60,2,19:47,1187,1187,Steven Whitley Defensive Rebound.,31,30,1,13,0.8135001108232602,0.5387507609385184,4,4,10.5,NA,NA,NA,NA,NA,NA,NA,NA,Norfolk State,Norfolk State
400992800,2018-02-19,Norfolk State,South Carolina State,62,2,18:48,1128,1128,Damani Applewhite Steal.,33,30,3,20,0.8550339984447305,0.6177791147859117,4,4,10.5,NA,NA,NA,NA,NA,NA,NA,NA,Norfolk State,South Carolina State
400992800,2018-02-19,Norfolk State,South Carolina State,63,2,17:06,1026,1026,Janai Raynor Powell Offensive Rebound.,38,35,3,102,0.8532911802738501,0.6239467358408677,4,4,10.5,NA,NA,NA,NA,NA,NA,NA,NA,South Carolina State,Norfolk State
400992800,2018-02-19,Norfolk State,South Carolina State,64,2,16:15,975,975,Alex Long Block.,38,35,3,51,0.8526837163058102,0.627729611862876,4,4,10.5,NA,NA,NA,NA,NA,NA,NA,NA,Norfolk State,Norfolk State
400992800,2018-02-19,Norfolk State,South Carolina State,65,2,16:14,974,974,Mastadi Pitt Defensive Rebound.,38,35,3,1,0.8526744891768695,0.6278109426143734,4,4,10.5,NA,NA,NA,NA,NA,NA,NA,NA,Norfolk State,Norfolk State
400992800,2018-02-19,Norfolk State,South Carolina State,66,2,16:07,967,967,Ozante Fields Steal.,38,35,3,7,0.8526122989243952,0.6283853208754283,4,4,10.5,NA,NA,NA,NA,NA,NA,NA,NA,Norfolk State,South Carolina State
400992800,2018-02-19,Norfolk State,South Carolina State,70,2,13:22,802,802,Damani Applewhite made Free Throw.,48,40,8,41,0.9368736921529884,0.821694864446192,4,4,10.5,NA,NA,South Carolina State,made,Damani Applewhite,NA,FALSE,TRUE,South Carolina State,South Carolina State
400992800,2018-02-19,Norfolk State,South Carolina State,71,2,13:22,802,802,Damani Applewhite made Free Throw.,48,41,7,0,0.9245911340342966,0.7919778218896013,4,4,10.5,NA,NA,South Carolina State,made,Damani Applewhite,NA,FALSE,TRUE,South Carolina State,South Carolina State
400992800,2018-02-19,Norfolk State,South Carolina State,72,2,12:47,767,767,Rayshawn Neal Offensive Rebound.,48,41,7,35,0.9257534716102745,0.7970158266859125,4,4,10.5,NA,NA,NA,NA,NA,NA,NA,NA,South Carolina State,South Carolina State
400992800,2018-02-19,Norfolk State,South Carolina State,73,2,11:39,699,699,Ozante Fields made Free Throw.,50,42,8,68,0.9412664102777962,0.8389445456411938,4,4,10.5,NA,NA,South Carolina State,made,Ozante Fields,NA,FALSE,TRUE,South Carolina State,South Carolina State
400992800,2018-02-19,Norfolk State,South Carolina State,74,2,11:39,699,699,Ozante Fields made Free Throw.,50,43,7,0,0.9287678755623572,0.8090881983430694,4,4,10.5,NA,NA,South Carolina State,made,Ozante Fields,NA,FALSE,TRUE,South Carolina State,Norfolk State
400992800,2018-02-19,Norfolk State,South Carolina State,75,2,10:58,658,658,Preston Bungei made Free Throw.,53,43,10,41,0.9617382284242467,0.8927476876668756,4,4,10.5,NA,NA,Norfolk State,made,Preston Bungei,NA,FALSE,TRUE,Norfolk State,South Carolina State
400992800,2018-02-19,Norfolk State,South Carolina State,76,2,10:35,635,635,Damani Applewhite made Free Throw.,53,44,9,23,0.9539200055259252,0.8738723973202879,4,4,10.5,NA,NA,South Carolina State,made,Damani Applewhite,NA,FALSE,TRUE,South Carolina State,South Carolina State
400992800,2018-02-19,Norfolk State,South Carolina State,77,2,10:35,635,635,Damani Applewhite made Free Throw.,53,45,8,0,0.9434879541206834,0.8482021271915174,4,4,10.5,NA,NA,South Carolina State,made,Damani Applewhite,NA,FALSE,TRUE,South Carolina State,South Carolina State
400992800,2018-02-19,Norfolk State,South Carolina State,78,2,10:16,616,616,Damani Applewhite Defensive Rebound.,53,45,8,19,0.9442170269013304,0.8511234206036097,4,4,10.5,NA,NA,NA,NA,NA,NA,NA,NA,South Carolina State,South Carolina State
400992800,2018-02-19,Norfolk State,South Carolina State,79,2,9:50,590,590,Rayshawn Neal Offensive Rebound.,53,45,8,26,0.9454293499578844,0.8556962533547391,4,4,10.5,NA,NA,NA,NA,NA,NA,NA,NA,South Carolina State,South Carolina State
400992800,2018-02-19,Norfolk State,South Carolina State,81,2,8:54,534,534,Janai Raynor Powell Defensive Rebound.,56,47,9,15,0.9593814207212424,0.893118986118199,4,4,10.5,NA,NA,NA,NA,NA,NA,NA,NA,South Carolina State,South Carolina State
400992800,2018-02-19,Norfolk State,South Carolina State,82,2,8:27,507,507,Nic Thomas Offensive Rebound.,56,47,9,27,0.9607359137331292,0.8979087898174489,4,4,10.5,NA,NA,NA,NA,NA,NA,NA,NA,South Carolina State,South Carolina State
400992800,2018-02-19,Norfolk State,South Carolina State,84,2,7:13,433,433,Janai Raynor Powell Defensive Rebound.,61,49,12,26,0.9838445413391054,0.958279033227031,4,4,10.5,NA,NA,NA,NA,NA,NA,NA,NA,South Carolina State,South Carolina State
400992800,2018-02-19,Norfolk State,South Carolina State,85,2,7:04,424,424,David Bottenberg Offensive Rebound.,61,49,12,9,0.9844243233586749,0.9600144024204318,4,4,10.5,NA,NA,NA,NA,NA,NA,NA,NA,South Carolina State,South Carolina State
400992800,2018-02-19,Norfolk State,South Carolina State,86,2,6:57,417,417,Derrik Jamerson Jr. Steal.,61,49,12,7,0.9848360071752768,0.9612598988136729,4,4,10.5,NA,NA,NA,NA,NA,NA,NA,NA,South Carolina State,Norfolk State
400992800,2018-02-19,Norfolk State,South Carolina State,87,2,6:25,385,385,Norfolk State Defensive Rebound.,61,49,12,32,0.9864411460530705,0.9661987052744433,4,4,10.5,NA,NA,NA,NA,NA,NA,NA,NA,Norfolk State,South Carolina State
400992800,2018-02-19,Norfolk State,South Carolina State,88,2,6:03,363,363,Donte Wright Defensive Rebound.,61,49,12,22,0.9874995941365768,0.9694129307425476,4,4,10.5,NA,NA,NA,NA,NA,NA,NA,NA,South Carolina State,South Carolina State
400992800,2018-02-19,Norfolk State,South Carolina State,89,2,5:53,353,353,Bryan Gellineau Block.,61,49,12,10,0.9880162378023207,0.9709364499109127,4,4,10.5,NA,NA,NA,NA,NA,NA,NA,NA,South Carolina State,South Carolina State
400992800,2018-02-19,Norfolk State,South Carolina State,90,2,5:52,352,352,Damani Applewhite Offensive Rebound.,61,49,12,1,0.9880697395429997,0.9710922792710138,4,4,10.5,NA,NA,NA,NA,NA,NA,NA,NA,South Carolina State,South Carolina State
400992800,2018-02-19,Norfolk State,South Carolina State,91,2,5:52,352,352,Damani Applewhite made Free Throw.,61,50,11,0,0.9840750611621506,0.9616336722811745,4,4,10.5,NA,NA,South Carolina State,made,Damani Applewhite,NA,FALSE,TRUE,South Carolina State,South Carolina State
400992800,2018-02-19,Norfolk State,South Carolina State,92,2,5:52,352,352,Damani Applewhite made Free Throw.,61,51,10,0,0.9787715586092607,0.9492419738973797,4,4,10.5,NA,NA,South Carolina State,made,Damani Applewhite,NA,FALSE,TRUE,South Carolina State,Norfolk State
400992800,2018-02-19,Norfolk State,South Carolina State,93,2,4:41,281,281,Preston Bungei made Free Throw.,67,54,13,71,0.9935791806816,0.9854583139356772,4,4,10.5,NA,NA,Norfolk State,made,Preston Bungei,NA,FALSE,TRUE,Norfolk State,South Carolina State
400992800,2018-02-19,Norfolk State,South Carolina State,94,2,4:19,259,259,Bryan Gellineau Steal.,67,54,13,22,0.9929137328417135,0.9843451871831795,4,4,10.5,NA,NA,NA,NA,NA,NA,NA,NA,South Carolina State,Norfolk State
400992800,2018-02-19,Norfolk State,South Carolina State,95,2,4:03,243,243,Patrell Rogers Defensive Rebound.,67,54,13,16,0.9924144740787911,0.9835525952593592,4,4,10.5,NA,NA,NA,NA,NA,NA,NA,NA,Norfolk State,Norfolk State
400992800,2018-02-19,Norfolk State,South Carolina State,96,2,3:53,233,233,James Richardson Offensive Rebound.,67,54,13,10,0.9922879671330105,0.9834760772585507,4,4,10.5,NA,NA,NA,NA,NA,NA,NA,NA,Norfolk State,Norfolk State
400992800,2018-02-19,Norfolk State,South Carolina State,97,2,3:46,226,226,Derrik Jamerson Jr. Block.,67,54,13,7,0.9923495602481125,0.9837454007388966,4,4,10.5,NA,NA,NA,NA,NA,NA,NA,NA,Norfolk State,Norfolk State
400992800,2018-02-19,Norfolk State,South Carolina State,98,2,3:45,225,225,Steven Whitley Defensive Rebound.,67,54,13,1,0.9923705340877033,0.9838095323952616,4,4,10.5,NA,NA,NA,NA,NA,NA,NA,NA,Norfolk State,Norfolk State
400992800,2018-02-19,Norfolk State,South Carolina State,100,2,3:21,201,201,Alex Long Defensive Rebound.,69,54,15,0,0.996873432840247,0.99353851429296125,4,4,10.5,NA,NA,NA,NA,NA,NA,NA,NA,Norfolk State,Norfolk State
400992800,2018-02-19,Norfolk State,South Carolina State,101,2,2:53,173,173,Nic Thomas made Free Throw.,70,54,16,28,0.9990321820944839,0.998076680633102,4,4,10.5,NA,NA,Norfolk State,made,Nic Thomas,NA,FALSE,TRUE,Norfolk State,Norfolk State
400992800,2018-02-19,Norfolk State,South Carolina State,102,2,2:53,173,173,Nic Thomas made Free Throw.,71,54,17,0,0.9993450093647763,0.9986979516136492,4,4,10.5,NA,NA,Norfolk State,made,Nic Thomas,NA,FALSE,TRUE,Norfolk State,South Carolina State
400992800,2018-02-19,Norfolk State,South Carolina State,103,2,2:37,157,157,Janai Raynor Powell Offensive Rebound.,71,54,17,16,0.9996371529034201,0.9992962584815168,4,4,10.5,NA,NA,NA,NA,NA,NA,NA,NA,South Carolina State,South Carolina State
