game_id,date,home,away,play_id,half,time_remaining_half,secs_remaining,secs_remaining_absolute,description,home_score,away_score,score_diff,play_length,win_prob,naive_win_prob,home_time_out_remaining,away_time_out_remaining,home_favored_by,shot_x,shot_y,shot_team,shot_outcome,shooter,assist,three_pt,free_throw,possession_before,possession_after
401172430,2020-02-20,Towson,William & Mary,1,1,20:00,2400,2400,PLAY,0,0,0,0,0.6730339881822752,0.5,4,4,4.5,NA,NA,NA,NA,NA,NA,NA,NA,NA,William & Mary
401172430,2020-02-20,Towson,William & Mary,3,1,8:43,1723,1723,Bryce Barnes made Jumper.,12,13,-1,11,0.6293678697104722,0.46967908482183,4,4,4.5,NA,NA,William & Mary,made,Bryce Barnes,NA,FALSE,FALSE,William & Mary,Towson
401172430,2020-02-20,Towson,William & Mary,4,1,8:43,1723,1723,Foul on Nakye Sanders.,12,13,-1,0,0.6293678697104722,0.46967908482183,4,4,4.5,NA,NA,NA,NA,NA,NA,NA,NA,William & Mary,William & Mary
401172430,2020-02-20,Towson,William & Mary,5,1,8:42,1722,1722,Bryce Barnes missed Free Throw.,12,13,-1,1,0.6293226804198305,0.46966494863697683,4,4,4.5,NA,NA,William & Mary,missed,Bryce Barnes,NA,FALSE,TRUE,William & Mary,Towson
401172430,2020-02-20,Towson,William & Mary,6,1,8:41,1721,1721,Charles Thompson Defensive Rebound.,12,13,-1,1,0.6292774615343184,0.4696507989640048,4,4,4.5,NA,NA,NA,NA,NA,NA,NA,NA,William & Mary,Towson
401172430,2020-02-20,Towson,William & Mary,7,1,8:27,1707,1707,Jason Gibson made Jumper.,14,13,1,14,0.6837560206476564,0.5305487560888571,4,4,4.5,NA,NA,Towson,made,Jason Gibson,NA,FALSE,FALSE,Towson,William & Mary
401172430,2020-02-20,Towson,William & Mary,8,1,8:07,1687,1687,Tyler Hamilton made Layup. Assisted by Nathan Knight.,14,15,-1,20,0.6277223673245972,0.46916131021290813,4,4,4.5,NA,NA,William & Mary,made,Tyler Hamilton,Nathan Knight,FALSE,FALSE,William & Mary,Towson
401172430,2020-02-20,Towson,William & Mary,9,1,7:49,1669,1669,Foul on Dennis Tunstall.,14,15,-1,18,0.6268842457310723,0.4689029980229216,4,4,4.5,NA,NA,NA,NA,NA,NA,NA,NA,Towson,William & Mary
401172430,2020-02-20,Towson,William & Mary,10,1,7:49,1669,1669,Dennis Tunstall Turnover.,14,15,-1,0,0.6268842457310723,0.4689029980229216,4,4,4.5,NA,NA,NA,NA,NA,NA,NA,NA,Towson,William & Mary
401172430,2020-02-20,Towson,William & Mary,11,1,7:49,1669,1669,Official TV Timeout,14,15,-1,0,0.6268842457310723,0.4689029980229216,4,4,4.5,NA,NA,NA,NA,NA,NA,NA,NA,Towson,William & Mary
401172430,2020-02-20,Towson,William & Mary,12,1,7:25,1645,1645,Bryce Barnes made Layup.,14,17,-3,24,0.5651852658137793,0.4066844838623543,4,4,4.5,NA,NA,William & Mary,made,Bryce Barnes,NA,FALSE,FALSE,William & Mary,Towson
401172430,2020-02-20,Towson,William & Mary,13,1,7:01,1621,1621,Brian Fobbs missed Three Point Jumper.,14,17,-3,24,0.5633254690960637,0.4057287064943315,4,4,4.5,NA,NA,Towson,missed,Brian Fobbs,NA,TRUE,FALSE,Towson,William & Mary
401172430,2020-02-20,Towson,William & Mary,14,1,6:57,1617,1617,Luke Loewe Defensive Rebound.,14,17,-3,4,0.5630143100286156,0.40557057631804844,4,4,4.5,NA,NA,NA,NA,NA,NA,NA,NA,Towson,William & Mary
401172430,2020-02-20,Towson,William & Mary,15,1,6:45,1605,1605,Bryce Barnes missed Jumper.,14,17,-3,12,0.5620781398975708,0.40509716244003047,4,4,4.5,NA,NA,William & Mary,missed,Bryce Barnes,NA,FALSE,FALSE,William & Mary,Towson
401172430,2020-02-20,Towson,William & Mary,16,1,6:42,1602,1602,Towson Defensive Rebound.,14,17,-3,3,0.5618433939685725,0.4049789242133671,4,4,4.5,NA,NA,NA,NA,NA,NA,NA,NA,William & Mary,Towson
401172430,2020-02-20,Towson,William & Mary,17,1,6:23,1583,1583,Allen Betrand made Three Point Jumper. Assisted by Dennis Tunstall.,17,17,0,19,0.6525919486503621,0.5,4,4,4.5,NA,NA,Towson,made,Allen Betrand,Dennis Tunstall,TRUE,FALSE,Towson,William & Mary
401172430,2020-02-20,Towson,William & Mary,18,1,5:59,1559,1559,Nathan Knight missed Layup.,17,17,0,24,0.6517333700965872,0.5,4,4,4.5,NA,NA,William & Mary,missed,Nathan Knight,NA,FALSE,FALSE,William & Mary,William & Mary
401172430,2020-02-20,Towson,William & Mary,19,1,5:59,1559,1559,Charles Thompson Block.,17,17,0,0,0.6517333700965872,0.5,4,4,4.5,NA,NA,NA,NA,NA,NA,NA,NA,William & Mary,William & Mary
401172430,2020-02-20,Towson,William & Mary,20,1,5:58,1558,1558,Nathan Knight Offensive Rebound.,17,17,0,1,0.6516973499947323,0.5,4,4,4.5,NA,NA,NA,NA,NA,NA,NA,NA,William & Mary,William & Mary
401172430,2020-02-20,Towson,William & Mary,21,1,5:58,1558,1558,Nathan Knight made Layup.,17,19,-2,0,0.590291229724002,0.4350345692278751,4,4,4.5,NA,NA,William & Mary,made,Nathan Knight,NA,FALSE,FALSE,William & Mary,Towson
401172430,2020-02-20,Towson,William & Mary,22,1,5:58,1558,1558,Foul on Dennis Tunstall.,17,19,-2,0,0.590291229724002,0.4350345692278751,4,4,4.5,NA,NA,NA,NA,NA,NA,NA,NA,William & Mary,William & Mary
401172430,2020-02-20,Towson,William & Mary,23,1,5:58,1558,1558,Nathan Knight made Free Throw.,17,20,-3,0,0.558357796717104,0.4032338717621448,4,4,4.5,NA,NA,William & Mary,made,Nathan Knight,NA,FALSE,TRUE,William & Mary,Towson
401172430,2020-02-20,Towson,William & Mary,24,1,5:42,1542,1542,Allen Betrand missed Layup.,17,20,-3,16,0.5570653702791177,0.40258624622230027,4,4,4.5,NA,NA,Towson,missed,Allen Betrand,NA,FALSE,FALSE,Towson,Towson
401172430,2020-02-20,Towson,William & Mary,25,1,5:37,1537,1537,Allen Betrand Offensive Rebound.,17,20,-3,5,0.5566581788958108,0.40238153341035887,4,4,4.5,NA,NA,NA,NA,NA,NA,NA,NA,Towson,Towson
401172430,2020-02-20,Towson,William & Mary,26,1,5:26,1526,1526,Allen Betrand missed Jumper.,17,20,-3,11,0.555756332491406,0.40192651821776454,4,4,4.5,NA,NA,Towson,missed,Allen Betrand,NA,FALSE,FALSE,Towson,Towson
401172430,2020-02-20,Towson,William & Mary,27,1,5:24,1524,1524,Charles Thompson Offensive Rebound.,17,20,-3,2,0.5555914303542919,0.40184304013233096,4,4,4.5,NA,NA,NA,NA,NA,NA,NA,NA,Towson,Towson
401172430,2020-02-20,Towson,William & Mary,28,1,5:24,1524,1524,Charles Thompson missed Dunk.,17,20,-3,0,0.5555914303542919,0.40184304013233096,4,4,4.5,NA,NA,Towson,missed,Charles Thompson,NA,FALSE,FALSE,Towson,Towson
401172430,2020-02-20,Towson,William & Mary,29,1,5:24,1524,1524,Towson Offensive Rebound.,17,20,-3,0,0.5555914303542919,0.40184304013233096,4,4,4.5,NA,NA,NA,NA,NA,NA,NA,NA,Towson,Towson
401172430,2020-02-20,Towson,William & Mary,30,1,5:24,1524,1524,Foul on Nathan Knight.,17,20,-3,0,0.5555914303542919,0.40184304013233096,4,4,4.5,NA,NA,NA,NA,NA,NA,NA,NA,Towson,Towson
401172430,2020-02-20,Towson,William & Mary,31,1,5:21,1521,1521,Brian Fobbs missed Jumper.,17,20,-3,3,0.5553435200719637,0.4017173598922115,4,4,4.5,NA,NA,Towson,missed,Brian Fobbs,NA,FALSE,FALSE,Towson,William & Mary
401172430,2020-02-20,Towson,William & Mary,32,1,5:21,1521,1521,William & Mary Defensive Rebound.,17,20,-3,0,0.5553435200719637,0.4017173598922115,4,4,4.5,NA,NA,NA,NA,NA,NA,NA,NA,Towson,William & Mary
401172430,2020-02-20,Towson,William & Mary,34,2,20:00,1200,1200,PLAY,23,32,-9,0,0.30551375519983265,0.19971602450818063,4,4,4.5,NA,NA,NA,NA,NA,NA,NA,NA,NA,NA
401172430,2020-02-20,Towson,William & Mary,35,2,0:00,0,0,End of 2nd half,51,61,-10,1200,0,0,4,4,4.5,NA,NA,NA,NA,NA,NA,NA,NA,William & Mary,NA
401172430,2020-02-20,Towson,William & Mary,36,2,0:00,0,0,End of Game,51,61,-10,0,0,0,4,4,4.5,NA,NA,NA,NA,NA,NA,NA,NA,William & Mary,NA
