game_id,date,home,away,play_id,half,time_remaining_half,secs_remaining,secs_remaining_absolute,description,home_score,away_score,score_diff,play_length,win_prob,naive_win_prob,home_time_out_remaining,away_time_out_remaining,home_favored_by,shot_x,shot_y,shot_team,shot_outcome,shooter,assist,three_pt,free_throw,possession_before,possession_after
400991350,2018-02-17,Sacramento State,Weber State,1,1,20:00:00,2400,2400,PLAY,0,0,0,0,0.2926867675026809,0.5,4,4,-5.5,NA,NA,NA,NA,NA,NA,NA,NA,NA,Sacramento State
400991350,2018-02-17,Sacramento State,Weber State,2,1,19:34:00,2374,2374,Zach Braxton Offensive Rebound.,0,0,0,26,0.29316549628229577,0.5,4,4,-5.5,NA,NA,NA,NA,NA,NA,NA,NA,Sacramento State,Sacramento State
400991350,2018-02-17,Sacramento State,Weber State,4,1,18:45:00,2325,2325,Izayah Mauriohoohoo-Le'Afa Defensive Rebound.,0,2,-2,22,0.2575858424662856,0.4543645204002807,4,4,-5.5,NA,NA,NA,NA,NA,NA,NA,NA,Sacramento State,Sacramento State
400991350,2018-02-17,Sacramento State,Weber State,5,1,18:35:00,2315,2315,Zach Braxton Defensive Rebound.,0,2,-2,10,0.2576003858360572,0.4541445652219872,4,4,-5.5,NA,NA,NA,NA,NA,NA,NA,NA,Sacramento State,Sacramento State
400991350,2018-02-17,Sacramento State,Weber State,7,1,17:21:00,2241,2241,Ryan Richardson Defensive Rebound.,2,6,-4,35,0.2229945480899603,0.4058226805779683,4,4,-5.5,NA,NA,NA,NA,NA,NA,NA,NA,Sacramento State,Sacramento State
400991350,2018-02-17,Sacramento State,Weber State,8,1,17:12:00,2232,2232,Zach Braxton Offensive Rebound.,2,6,-4,9,0.2228742277062535,0.40542407154322074,4,4,-5.5,NA,NA,NA,NA,NA,NA,NA,NA,Sacramento State,Sacramento State
400991350,2018-02-17,Sacramento State,Weber State,9,1,16:59:00,2219,2219,Bryce Fowler Defensive Rebound.,2,6,-4,13,0.22270235617882125,0.4048466336472945,4,4,-5.5,NA,NA,NA,NA,NA,NA,NA,NA,Sacramento State,Sacramento State
400991350,2018-02-17,Sacramento State,Weber State,12,1,15:28:00,2128,2128,Joshua Patton Offensive Rebound.,6,11,-5,15,0.2047114617383326,0.3768644415877137,4,4,-5.5,NA,NA,NA,NA,NA,NA,NA,NA,Sacramento State,Sacramento State
400991350,2018-02-17,Sacramento State,Weber State,13,1,15:12:00,2112,2112,Jerrick Harding Steal.,6,11,-5,16,0.20441033470605935,0.3759728166962642,4,4,-5.5,NA,NA,NA,NA,NA,NA,NA,NA,Sacramento State,Weber State
400991350,2018-02-17,Sacramento State,Weber State,14,1,14:52:00,2092,2092,Justin Strings Defensive Rebound.,6,11,-5,20,0.20403600344229791,0.374851427902844,4,4,-5.5,NA,NA,NA,NA,NA,NA,NA,NA,Weber State,Weber State
400991350,2018-02-17,Sacramento State,Weber State,15,1,14:34:00,2074,2074,Brekkott Chapman Defensive Rebound.,6,11,-5,18,0.20370061464432565,0.3738352018041394,4,4,-5.5,NA,NA,NA,NA,NA,NA,NA,NA,Weber State,Weber State
400991350,2018-02-17,Sacramento State,Weber State,16,1,12:03:00,1923,1923,Michal Kozak Block.,10,15,-5,151,0.20088461943242725,0.3649918913007796,4,4,-5.5,NA,NA,NA,NA,NA,NA,NA,NA,Weber State,Weber State
400991350,2018-02-17,Sacramento State,Weber State,17,1,12:02:00,1922,1922,Brekkott Chapman Defensive Rebound.,10,15,-5,1,0.2008659379150722,0.3649314603569984,4,4,-5.5,NA,NA,NA,NA,NA,NA,NA,NA,Weber State,Weber State
400991350,2018-02-17,Sacramento State,Weber State,18,1,11:53:00,1913,1913,Joshua Patton Defensive Rebound.,10,15,-5,9,0.20069921999106224,0.3643881464346105,4,4,-5.5,NA,NA,NA,NA,NA,NA,NA,NA,Weber State,Weber State
400991350,2018-02-17,Sacramento State,Weber State,20,1,10:39:00,1839,1839,Michal Kozak Defensive Rebound.,12,15,-3,12,0.23870505474491513,0.4144972386217471,4,4,-5.5,NA,NA,NA,NA,NA,NA,NA,NA,Weber State,Weber State
400991350,2018-02-17,Sacramento State,Weber State,22,1,07:59:00,1679,1679,Izayah Mauriohoohoo-Le'Afa Block.,16,23,-7,10,0.16030289954611085,0.2957058461346774,4,4,-5.5,NA,NA,NA,NA,NA,NA,NA,NA,Weber State,Weber State
400991350,2018-02-17,Sacramento State,Weber State,23,1,07:59:00,1679,1679,Weber State Offensive Rebound.,16,23,-7,0,0.16030289954611085,0.2957058461346774,4,4,-5.5,NA,NA,NA,NA,NA,NA,NA,NA,Weber State,Weber State
400991350,2018-02-17,Sacramento State,Weber State,24,1,07:53:00,1673,1673,Sacramento State Defensive Rebound.,16,23,-7,6,0.160118362865638,0.29520359543641633,4,4,-5.5,NA,NA,NA,NA,NA,NA,NA,NA,Weber State,Weber State
400991350,2018-02-17,Sacramento State,Weber State,25,1,07:39:00,1659,1659,Justin Strings Offensive Rebound.,16,23,-7,14,0.15970297874653494,0.2940486889894858,4,4,-5.5,NA,NA,NA,NA,NA,NA,NA,NA,Weber State,Weber State
400991350,2018-02-17,Sacramento State,Weber State,26,1,06:41:00,1601,1601,Zach Braxton made Free Throw.,20,24,-4,58,0.2163252697846338,0.3744357528859165,4,4,-5.5,NA,NA,Weber State,made,Zach Braxton,NA,FALSE,TRUE,Weber State,Weber State
400991350,2018-02-17,Sacramento State,Weber State,27,1,06:41:00,1601,1601,Zach Braxton made Free Throw.,20,25,-5,0,0.195364969806391,0.34489799380516656,4,4,-5.5,NA,NA,Weber State,made,Zach Braxton,NA,FALSE,TRUE,Weber State,Weber State
400991350,2018-02-17,Sacramento State,Weber State,28,1,06:32:00,1592,1592,Jerrick Harding Defensive Rebound.,20,25,-5,9,0.1952474674520733,0.34434363036014476,4,4,-5.5,NA,NA,NA,NA,NA,NA,NA,NA,Weber State,Weber State
400991350,2018-02-17,Sacramento State,Weber State,29,1,04:50:00,1490,1490,Bryce Fowler Defensive Rebound.,25,30,-5,102,0.19379202628499348,0.33779661344542455,4,4,-5.5,NA,NA,NA,NA,NA,NA,NA,NA,Weber State,Weber State
400991350,2018-02-17,Sacramento State,Weber State,30,1,03:32:00,1412,1412,Ryan Richardson Defensive Rebound.,27,32,-5,78,0.19225214451990583,0.33218138839783035,4,4,-5.5,NA,NA,NA,NA,NA,NA,NA,NA,Weber State,Weber State
400991350,2018-02-17,Sacramento State,Weber State,31,1,03:10:00,1390,1390,Michal Kozak Block.,27,32,-5,22,0.1918824169620236,0.33066740061447397,4,4,-5.5,NA,NA,NA,NA,NA,NA,NA,NA,Weber State,Weber State
400991350,2018-02-17,Sacramento State,Weber State,32,1,03:10:00,1390,1390,Weber State Defensive Rebound.,27,32,-5,0,0.1918824169620236,0.33066740061447397,4,4,-5.5,NA,NA,NA,NA,NA,NA,NA,NA,Weber State,Weber State
400991350,2018-02-17,Sacramento State,Weber State,33,1,02:56:00,1376,1376,Jerrick Harding made Free Throw.,27,35,-8,14,0.13412979564560118,0.24321467229227775,4,4,-5.5,NA,NA,Weber State,made,Jerrick Harding,NA,FALSE,TRUE,Weber State,Sacramento State
400991350,2018-02-17,Sacramento State,Weber State,36,1,01:21:00,1281,1281,Dusty Baker Defensive Rebound.,30,37,-7,0,0.14862632830191244,0.2620197567211903,4,4,-5.5,NA,NA,NA,NA,NA,NA,NA,NA,Sacramento State,Weber State
400991350,2018-02-17,Sacramento State,Weber State,38,1,00:36:00,1236,1236,Michal Kozak Defensive Rebound.,30,39,-9,3,0.11289258866718588,0.2040595076106484,4,4,-5.5,NA,NA,NA,NA,NA,NA,NA,NA,Sacramento State,Sacramento State
400991350,2018-02-17,Sacramento State,Weber State,39,1,00:00:00,1200,1200,End of 1st half,32,41,-9,36,0.11096331114057956,0.19971602450818063,4,4,-5.5,NA,NA,NA,NA,NA,NA,NA,NA,Sacramento State,NA
400991350,2018-02-17,Sacramento State,Weber State,40,2,20:00:00,1200,1200,PLAY,32,41,-9,0,0.11096331114057956,0.19971602450818063,4,4,-5.5,NA,NA,NA,NA,NA,NA,NA,NA,NA,Sacramento State
400991350,2018-02-17,Sacramento State,Weber State,42,2,18:47:00,1127,1127,Calvin Martin Offensive Rebound.,34,44,-10,23,0.09286808305769063,0.16780902173731507,4,4,-5.5,NA,NA,NA,NA,NA,NA,NA,NA,Sacramento State,Sacramento State
400991350,2018-02-17,Sacramento State,Weber State,43,2,17:12:00,1032,1032,Izayah Mauriohoohoo-Le'Afa Steal.,38,48,-10,95,0.0878375101176657,0.1568253816064319,4,4,-5.5,NA,NA,NA,NA,NA,NA,NA,NA,Sacramento State,Sacramento State
400991350,2018-02-17,Sacramento State,Weber State,44,2,17:07:00,1027,1027,Zach Braxton Block.,38,48,-10,5,0.08753979959681127,0.1561949493586287,4,4,-5.5,NA,NA,NA,NA,NA,NA,NA,NA,Sacramento State,Sacramento State
400991350,2018-02-17,Sacramento State,Weber State,45,2,17:05:00,1025,1025,Jerrick Harding Defensive Rebound.,38,48,-10,2,0.08741936509947906,0.1559405737752598,4,4,-5.5,NA,NA,NA,NA,NA,NA,NA,NA,Sacramento State,Sacramento State
400991350,2018-02-17,Sacramento State,Weber State,46,2,17:01:00,1021,1021,Izayah Mauriohoohoo-Le'Afa Block.,38,48,-10,4,0.08717610888268745,0.15542792255043242,4,4,-5.5,NA,NA,NA,NA,NA,NA,NA,NA,Sacramento State,Sacramento State
400991350,2018-02-17,Sacramento State,Weber State,47,2,17:01:00,1021,1021,Weber State Offensive Rebound.,38,48,-10,0,0.08717610888268745,0.15542792255043242,4,4,-5.5,NA,NA,NA,NA,NA,NA,NA,NA,Sacramento State,Sacramento State
400991350,2018-02-17,Sacramento State,Weber State,48,2,16:38:00,998,998,Michal Kozak Offensive Rebound.,38,48,-10,23,0.08571084395349342,0.15237110854983235,4,4,-5.5,NA,NA,NA,NA,NA,NA,NA,NA,Sacramento State,Sacramento State
400991350,2018-02-17,Sacramento State,Weber State,49,2,16:27:00,987,987,Zach Braxton Offensive Rebound.,38,48,-10,11,0.08496639022254222,0.1508373285840838,4,4,-5.5,NA,NA,NA,NA,NA,NA,NA,NA,Sacramento State,Sacramento State
400991350,2018-02-17,Sacramento State,Weber State,50,2,16:00:00,960,960,Justin Strings made Free Throw.,39,50,-11,27,0.07059565230812537,0.1262160866562697,4,4,-5.5,NA,NA,Sacramento State,made,Justin Strings,NA,FALSE,TRUE,Sacramento State,Sacramento State
400991350,2018-02-17,Sacramento State,Weber State,51,2,16:00:00,960,960,Justin Strings missed Free Throw.,39,50,-11,0,0.07059565230812537,0.1262160866562697,4,4,-5.5,NA,NA,Sacramento State,missed,Justin Strings,NA,FALSE,TRUE,Sacramento State,Weber State
400991350,2018-02-17,Sacramento State,Weber State,52,2,16:00:00,960,960,Brekkott Chapman Defensive Rebound.,39,50,-11,0,0.07059565230812537,0.1262160866562697,4,4,-5.5,NA,NA,NA,NA,NA,NA,NA,NA,Sacramento State,Weber State
400991350,2018-02-17,Sacramento State,Weber State,56,2,12:38:00,758,758,Jordan Tolbert Defensive Rebound.,46,57,-11,12,0.05914168596995042,0.1030625113885308,4,4,-5.5,NA,NA,NA,NA,NA,NA,NA,NA,Sacramento State,Sacramento State
400991350,2018-02-17,Sacramento State,Weber State,57,2,12:19:00,739,739,Jordan Tolbert Offensive Rebound.,46,57,-11,19,0.05756396697870642,0.10002814464618738,4,4,-5.5,NA,NA,NA,NA,NA,NA,NA,NA,Sacramento State,Sacramento State
400991350,2018-02-17,Sacramento State,Weber State,58,2,12:15:00,735,735,Jordan Tolbert missed Two Point Tip Shot.,46,57,-11,4,0.05720900404522237,0.09934922464137402,4,4,-5.5,NA,NA,Sacramento State,missed,Jordan Tolbert,NA,FALSE,FALSE,Sacramento State,Weber State
400991350,2018-02-17,Sacramento State,Weber State,59,2,12:15:00,735,735,Jerrick Harding Defensive Rebound.,46,57,-11,0,0.05720900404522237,0.09934922464137402,4,4,-5.5,NA,NA,NA,NA,NA,NA,NA,NA,Sacramento State,Weber State
400991350,2018-02-17,Sacramento State,Weber State,60,2,11:48:00,708,708,Michal Kozak Offensive Rebound.,46,57,-11,27,0.05492440986467872,0.09496623811395684,4,4,-5.5,NA,NA,NA,NA,NA,NA,NA,NA,Weber State,Weber State
400991350,2018-02-17,Sacramento State,Weber State,61,2,11:45:00,705,705,Bryce Fowler Defensive Rebound.,46,57,-11,3,0.05470161839003908,0.0945344870531577,4,4,-5.5,NA,NA,NA,NA,NA,NA,NA,NA,Weber State,Weber State
400991350,2018-02-17,Sacramento State,Weber State,65,2,07:17:00,437,437,Jerrick Harding Block.,53,67,-14,21,0.01556635371939998,0.02571587068786931,4,4,-5.5,NA,NA,NA,NA,NA,NA,NA,NA,Weber State,Weber State
400991350,2018-02-17,Sacramento State,Weber State,66,2,07:07:00,427,427,Bryce Fowler Offensive Rebound.,53,67,-14,10,0.01478254661237473,0.02433637579921206,4,4,-5.5,NA,NA,NA,NA,NA,NA,NA,NA,Weber State,Weber State
400991350,2018-02-17,Sacramento State,Weber State,68,2,06:52:00,412,412,Joshua Patton Defensive Rebound.,55,67,-12,1,0.02329503680084876,0.03790116997613614,4,4,-5.5,NA,NA,NA,NA,NA,NA,NA,NA,Weber State,Weber State
400991350,2018-02-17,Sacramento State,Weber State,70,2,04:58:00,298,298,Justin Strings made Free Throw.,63,73,-10,10,0.02465743162404171,0.03785359847325613,4,4,-5.5,NA,NA,Sacramento State,made,Justin Strings,NA,FALSE,TRUE,Sacramento State,Weber State
400991350,2018-02-17,Sacramento State,Weber State,71,2,04:37:00,277,277,Zach Braxton made Free Throw.,63,74,-11,21,0.01816675170417755,0.02766237523449858,4,4,-5.5,NA,NA,Weber State,made,Zach Braxton,NA,FALSE,TRUE,Weber State,Weber State
400991350,2018-02-17,Sacramento State,Weber State,72,2,04:37:00,277,277,Zach Braxton missed Free Throw.,63,74,-11,0,0.01816675170417755,0.02766237523449858,4,4,-5.5,NA,NA,Weber State,missed,Zach Braxton,NA,FALSE,TRUE,Weber State,Sacramento State
400991350,2018-02-17,Sacramento State,Weber State,73,2,04:37:00,277,277,Justin Strings Defensive Rebound.,63,74,-11,0,0.01816675170417755,0.02766237523449858,4,4,-5.5,NA,NA,NA,NA,NA,NA,NA,NA,Weber State,Sacramento State
400991350,2018-02-17,Sacramento State,Weber State,75,2,03:38:00,218,218,Ryan Richardson Defensive Rebound.,65,74,-9,9,0.03676189235893678,0.05356265229267249,4,4,-5.5,NA,NA,NA,NA,NA,NA,NA,NA,Sacramento State,Sacramento State
400991350,2018-02-17,Sacramento State,Weber State,76,2,03:03:00,183,183,Zach Braxton Defensive Rebound.,65,74,-9,35,0.02429062680542692,0.03472741066428699,4,4,-5.5,NA,NA,NA,NA,NA,NA,NA,NA,Sacramento State,Sacramento State
400991350,2018-02-17,Sacramento State,Weber State,78,2,02:17:00,137,137,Izayah Mauriohoohoo-Le'Afa made Free Throw.,66,77,-11,0,0.0036986758371931,0.00513809634876004,4,4,-5.5,NA,NA,NA,made,Izayah Mauriohoohoo-Le'Afa,NA,FALSE,TRUE,Sacramento State,Sacramento State
400991350,2018-02-17,Sacramento State,Weber State,79,2,02:17:00,137,137,Izayah Mauriohoohoo-Le'Afa made Free Throw.,67,77,-10,0,0.00595616341484847,0.00826684473523781,4,4,-5.5,NA,NA,NA,made,Izayah Mauriohoohoo-Le'Afa,NA,FALSE,TRUE,Sacramento State,Sacramento State
400991350,2018-02-17,Sacramento State,Weber State,80,2,02:04:00,124,124,Joshua Patton Defensive Rebound.,67,77,-10,13,0.00407683133773013,0.00559808520442105,4,4,-5.5,NA,NA,NA,NA,NA,NA,NA,NA,Sacramento State,Sacramento State
400991350,2018-02-17,Sacramento State,Weber State,81,2,01:45:00,105,105,Weber State Defensive Rebound.,67,77,-10,19,0.00210705475851713,0.00284510835872442,4,4,-5.5,NA,NA,NA,NA,NA,NA,NA,NA,Sacramento State,Sacramento State
400991350,2018-02-17,Sacramento State,Weber State,82,2,01:19:00,79,79,Justin Strings Defensive Rebound.,67,77,-10,26,6.890363980962982e-4,9.0742761083997e-4,4,4,-5.5,NA,NA,NA,NA,NA,NA,NA,NA,Sacramento State,Sacramento State
400991350,2018-02-17,Sacramento State,Weber State,83,2,00:31:00,31,31,Justin Strings made Free Throw.,71,79,-8,48,3.543320121475663e-4,4.433729010915954e-4,4,4,-5.5,NA,NA,Sacramento State,made,Justin Strings,NA,FALSE,TRUE,Sacramento State,Sacramento State
400991350,2018-02-17,Sacramento State,Weber State,84,2,00:31:00,31,31,Justin Strings missed Free Throw.,71,79,-8,0,3.543320121475663e-4,4.433729010915954e-4,4,4,-5.5,NA,NA,Sacramento State,missed,Justin Strings,NA,FALSE,TRUE,Sacramento State,Weber State
400991350,2018-02-17,Sacramento State,Weber State,85,2,00:31:00,31,31,Dusty Baker Defensive Rebound.,71,79,-8,0,3.543320121475663e-4,4.433729010915954e-4,4,4,-5.5,NA,NA,NA,NA,NA,NA,NA,NA,Sacramento State,Weber State
400991350,2018-02-17,Sacramento State,Weber State,86,2,00:28:00,28,28,Dusty Baker made Free Throw.,71,80,-9,3,1.1427200332818544e-4,1.425123705977115e-4,4,4,-5.5,NA,NA,Weber State,made,Dusty Baker,NA,FALSE,TRUE,Weber State,Weber State
400991350,2018-02-17,Sacramento State,Weber State,87,2,00:28:00,28,28,Dusty Baker made Free Throw.,71,81,-10,0,4.271968883845815e-5,5.3278070039979296e-5,4,4,-5.5,NA,NA,Weber State,made,Dusty Baker,NA,FALSE,TRUE,Weber State,Weber State
400991350,2018-02-17,Sacramento State,Weber State,88,2,00:23:00,23,23,Weber State Defensive Rebound.,71,81,-10,5,3.1204778245095004e-5,3.869645269767285e-5,4,4,-5.5,NA,NA,NA,NA,NA,NA,NA,NA,Weber State,Weber State
400991350,2018-02-17,Sacramento State,Weber State,89,2,00:16:00,16,16,Jordan Tolbert Steal.,71,81,-10,7,1.9775618056989353e-5,2.432593010887972e-5,4,4,-5.5,NA,NA,NA,NA,NA,NA,NA,NA,Weber State,Sacramento State
400991350,2018-02-17,Sacramento State,Weber State,90,2,00:12:00,12,12,Ryan Richardson made Free Throw.,73,82,-9,4,4.4856076214292675e-5,5.4918768830159034e-5,4,4,-5.5,NA,NA,Weber State,made,Ryan Richardson,NA,FALSE,TRUE,Weber State,Weber State
400991350,2018-02-17,Sacramento State,Weber State,91,2,00:12:00,12,12,Ryan Richardson made Free Throw.,73,83,-10,0,1.5082471234515782e-5,1.846608873892065e-5,4,4,-5.5,NA,NA,Weber State,made,Ryan Richardson,NA,FALSE,TRUE,Weber State,NA
400991350,2018-02-17,Sacramento State,Weber State,92,2,00:00:00,0,0,End of Game,73,83,-10,12,1.1452451018645263e-87,1.3838965267367373e-87,4,4,-5.5,NA,NA,NA,NA,NA,NA,NA,NA,Weber State,NA
