game_id,date,home,away,play_id,half,time_remaining_half,secs_remaining,secs_remaining_absolute,description,home_score,away_score,score_diff,play_length,win_prob,naive_win_prob,home_time_out_remaining,away_time_out_remaining,home_favored_by,shot_x,shot_y,shot_team,shot_outcome,shooter,assist,three_pt,free_throw,possession_before,possession_after
400988372,2018-02-17,USC,Oregon State,1,1,20:00:00,2400,2400,PLAY,0,0,0,0,0.8040485935511206,0.5,4,4,8.8,NA,NA,NA,NA,NA,NA,NA,NA,NA,Oregon State
400988372,2018-02-17,USC,Oregon State,2,1,19:31:00,2371,2371,Chimezie Metu Defensive Rebound.,0,0,0,29,0.8033967113982607,0.5,4,4,8.8,NA,NA,NA,NA,NA,NA,NA,NA,Oregon State,Oregon State
400988372,2018-02-17,USC,Oregon State,3,1,19:23:00,2363,2363,Tres Tinkle Defensive Rebound.,0,0,0,8,0.803212577172626,0.5,4,4,8.8,NA,NA,NA,NA,NA,NA,NA,NA,Oregon State,Oregon State
400988372,2018-02-17,USC,Oregon State,4,1,18:59:00,2339,2339,USC Defensive Rebound.,0,0,0,24,0.8026486542960652,0.5,4,4,8.8,NA,NA,NA,NA,NA,NA,NA,NA,Oregon State,Oregon State
400988372,2018-02-17,USC,Oregon State,5,1,18:36:00,2316,2316,Oregon State Defensive Rebound.,0,0,0,23,0.8020915623436672,0.5,4,4,8.8,NA,NA,NA,NA,NA,NA,NA,NA,Oregon State,Oregon State
400988372,2018-02-17,USC,Oregon State,6,1,18:15:00,2295,2295,Nick Rakocevic Steal.,0,0,0,21,0.8015681869483905,0.5,4,4,8.8,NA,NA,NA,NA,NA,NA,NA,NA,Oregon State,USC
400988372,2018-02-17,USC,Oregon State,7,1,18:10:00,2290,2290,Drew Eubanks Defensive Rebound.,0,0,0,5,0.8014414526720506,0.5,4,4,8.8,NA,NA,NA,NA,NA,NA,NA,NA,USC,Oregon State
400988372,2018-02-17,USC,Oregon State,8,1,18:01:00,2281,2281,Chimezie Metu Block.,0,0,0,9,0.8012112408144149,0.5,4,4,8.8,NA,NA,NA,NA,NA,NA,NA,NA,Oregon State,Oregon State
400988372,2018-02-17,USC,Oregon State,9,1,17:59:00,2279,2279,Nick Rakocevic Defensive Rebound.,0,0,0,2,0.8011597149206809,0.5,4,4,8.8,NA,NA,NA,NA,NA,NA,NA,NA,Oregon State,Oregon State
400988372,2018-02-17,USC,Oregon State,11,1,17:29:00,2249,2249,Oregon State Deadball Team Rebound.,2,0,2,0,0.8289933012359936,0.5473323287850554,4,4,8.8,NA,NA,NA,NA,NA,NA,NA,NA,Oregon State,Oregon State
400988372,2018-02-17,USC,Oregon State,12,1,17:29:00,2249,2249,Ethan Thompson made Free Throw.,2,1,1,0,0.8151097530345646,0.5237194237762728,4,4,8.8,NA,NA,Oregon State,made,Ethan Thompson,NA,FALSE,TRUE,Oregon State,USC
400988372,2018-02-17,USC,Oregon State,13,1,16:23:00,2183,2183,Drew Eubanks Defensive Rebound.,4,3,1,66,0.8138274274258209,0.5244796046696726,4,4,8.8,NA,NA,NA,NA,NA,NA,NA,NA,USC,USC
400988372,2018-02-17,USC,Oregon State,14,1,16:17:00,2177,2177,Chimezie Metu Defensive Rebound.,4,3,1,6,0.8137038771762904,0.5245492878304605,4,4,8.8,NA,NA,NA,NA,NA,NA,NA,NA,USC,USC
400988372,2018-02-17,USC,Oregon State,15,1,16:10:00,2170,2170,Chimezie Metu made Free Throw.,5,3,2,7,0.8280544151186487,0.5491420970299754,4,4,8.8,NA,NA,USC,made,Chimezie Metu,NA,FALSE,TRUE,USC,USC
400988372,2018-02-17,USC,Oregon State,16,1,16:10:00,2170,2170,Chimezie Metu made Free Throw.,6,3,3,0,0.8416429152648761,0.5734173134835795,4,4,8.8,NA,NA,USC,made,Chimezie Metu,NA,FALSE,TRUE,USC,USC
400988372,2018-02-17,USC,Oregon State,17,1,15:38:00,2138,2138,Tres Tinkle Defensive Rebound.,6,3,3,32,0.8414413322966245,0.5745182203571922,4,4,8.8,NA,NA,NA,NA,NA,NA,NA,NA,USC,USC
400988372,2018-02-17,USC,Oregon State,19,1,14:31:00,2071,2071,Chimezie Metu Block.,6,5,1,27,0.8113388991777685,0.5258033080288738,4,4,8.8,NA,NA,NA,NA,NA,NA,NA,NA,USC,USC
400988372,2018-02-17,USC,Oregon State,20,1,14:31:00,2071,2071,USC Defensive Rebound.,6,5,1,0,0.8113388991777685,0.5258033080288738,4,4,8.8,NA,NA,NA,NA,NA,NA,NA,NA,USC,USC
400988372,2018-02-17,USC,Oregon State,23,1,13:00:00,1980,1980,Drew Eubanks Defensive Rebound.,10,5,5,14,0.8670529118897654,0.631596280058351,4,4,8.8,NA,NA,NA,NA,NA,NA,NA,NA,Oregon State,USC
400988372,2018-02-17,USC,Oregon State,24,1,12:13:00,1933,1933,Jordan Usher Defensive Rebound.,12,7,5,47,0.8672281007243642,0.6344031967090716,4,4,8.8,NA,NA,NA,NA,NA,NA,NA,NA,USC,USC
400988372,2018-02-17,USC,Oregon State,25,1,12:02:00,1922,1922,Drew Eubanks Defensive Rebound.,12,7,5,11,0.8672674943304097,0.6350685396430016,4,4,8.8,NA,NA,NA,NA,NA,NA,NA,NA,USC,USC
400988372,2018-02-17,USC,Oregon State,26,1,11:36:00,1896,1896,Jordan McLaughlin Defensive Rebound.,12,7,5,26,0.8673457533411698,0.6366360578558812,4,4,8.8,NA,NA,NA,NA,NA,NA,NA,NA,USC,USC
400988372,2018-02-17,USC,Oregon State,27,1,11:28:00,1888,1888,Drew Eubanks Defensive Rebound.,12,7,5,8,0.8673660431420045,0.6371175140625175,4,4,8.8,NA,NA,NA,NA,NA,NA,NA,NA,USC,USC
400988372,2018-02-17,USC,Oregon State,29,1,09:13:00,1753,1753,USC Defensive Rebound.,16,13,3,2,0.8375598629859863,0.588861613376298,4,4,8.8,NA,NA,NA,NA,NA,NA,NA,NA,USC,USC
400988372,2018-02-17,USC,Oregon State,30,1,08:56:00,1736,1736,Stephen Thompson Jr. Steal.,16,13,3,17,0.8373329270562991,0.5895484487029247,4,4,8.8,NA,NA,NA,NA,NA,NA,NA,NA,USC,Oregon State
400988372,2018-02-17,USC,Oregon State,31,1,08:54:00,1734,1734,Stephen Thompson Jr. made Free Throw.,16,16,0,2,0.7817484322664487,0.5,4,4,8.8,NA,NA,Oregon State,made,Stephen Thompson Jr.,NA,FALSE,TRUE,Oregon State,USC
400988372,2018-02-17,USC,Oregon State,32,1,07:51:00,1671,1671,USC Offensive Rebound.,18,18,0,63,0.7788207896531899,0.5,4,4,8.8,NA,NA,NA,NA,NA,NA,NA,NA,USC,USC
400988372,2018-02-17,USC,Oregon State,33,1,06:13:00,1573,1573,Chimezie Metu made Free Throw.,24,20,4,98,0.851848258114637,0.6269980294192325,4,4,8.8,NA,NA,USC,made,Chimezie Metu,NA,FALSE,TRUE,USC,USC
400988372,2018-02-17,USC,Oregon State,34,1,05:43:00,1543,1543,Tres Tinkle Block.,24,20,4,30,0.8515163433217299,0.6285593285136819,4,4,8.8,NA,NA,NA,NA,NA,NA,NA,NA,USC,USC
400988372,2018-02-17,USC,Oregon State,35,1,05:41:00,1541,1541,Gligorije Rakocevic Defensive Rebound.,24,20,4,2,0.8514946153214265,0.6286649934486898,4,4,8.8,NA,NA,NA,NA,NA,NA,NA,NA,USC,USC
400988372,2018-02-17,USC,Oregon State,36,1,05:28:00,1528,1528,USC Deadball Team Rebound.,24,20,4,13,0.851355871921626,0.6293581145843012,4,4,8.8,NA,NA,NA,NA,NA,NA,NA,NA,USC,USC
400988372,2018-02-17,USC,Oregon State,37,1,05:08:00,1508,1508,Chimezie Metu made Free Throw.,25,20,5,20,0.8672913751405353,0.6609841587706841,4,4,8.8,NA,NA,USC,made,Chimezie Metu,NA,FALSE,TRUE,USC,USC
400988372,2018-02-17,USC,Oregon State,38,1,05:08:00,1508,1508,Chimezie Metu made Free Throw.,26,20,6,0,0.8819217368233281,0.6902353147914237,4,4,8.8,NA,NA,USC,made,Chimezie Metu,NA,FALSE,TRUE,USC,USC
400988372,2018-02-17,USC,Oregon State,40,1,03:57:00,1437,1437,Drew Eubanks Steal.,26,22,4,13,0.8506330988198834,0.634659124684198,4,4,8.8,NA,NA,NA,NA,NA,NA,NA,NA,USC,Oregon State
400988372,2018-02-17,USC,Oregon State,41,1,03:53:00,1433,1433,Tres Tinkle Offensive Rebound.,26,22,4,4,0.8506057245986328,0.634901342793241,4,4,8.8,NA,NA,NA,NA,NA,NA,NA,NA,Oregon State,Oregon State
400988372,2018-02-17,USC,Oregon State,42,1,03:51:00,1431,1431,Tres Tinkle made Two Point Tip Shot.,26,24,2,2,0.8118897989252719,0.5687886775542065,4,4,8.8,NA,NA,Oregon State,made,Tres Tinkle,NA,FALSE,FALSE,Oregon State,USC
400988372,2018-02-17,USC,Oregon State,43,1,03:29:00,1409,1409,Gligorije Rakocevic Defensive Rebound.,26,24,2,22,0.8112445169342399,0.5694752857545454,4,4,8.8,NA,NA,NA,NA,NA,NA,NA,NA,USC,USC
400988372,2018-02-17,USC,Oregon State,45,1,02:59:00,1379,1379,USC Deadball Team Rebound.,26,26,0,0,0.762901349302894,0.5,4,4,8.8,NA,NA,NA,NA,NA,NA,NA,NA,USC,USC
400988372,2018-02-17,USC,Oregon State,46,1,02:59:00,1379,1379,Elijah Stewart made Free Throw.,27,26,1,0,0.7875735225382873,0.5353679239274404,4,4,8.8,NA,NA,USC,made,Elijah Stewart,NA,FALSE,TRUE,USC,Oregon State
400988372,2018-02-17,USC,Oregon State,48,1,02:11:00,1331,1331,Derryck Thornton Defensive Rebound.,27,28,-1,12,0.7326395403426699,0.4638975546786103,4,4,8.8,NA,NA,NA,NA,NA,NA,NA,NA,Oregon State,Oregon State
400988372,2018-02-17,USC,Oregon State,50,1,00:18:00,1218,1218,Tres Tinkle Block.,32,30,2,68,0.8053391188615316,0.5757604286858464,4,4,8.8,NA,NA,NA,NA,NA,NA,NA,NA,Oregon State,Oregon State
400988372,2018-02-17,USC,Oregon State,51,1,00:15:00,1215,1215,Jordan McLaughlin Offensive Rebound.,32,30,2,3,0.8052605599591515,0.575883899224916,4,4,8.8,NA,NA,NA,NA,NA,NA,NA,NA,Oregon State,Oregon State
400988372,2018-02-17,USC,Oregon State,52,1,00:14:00,1214,1214,Oregon State Defensive Rebound.,32,30,2,1,0.8052345890566173,0.5759253503329457,4,4,8.8,NA,NA,NA,NA,NA,NA,NA,NA,Oregon State,Oregon State
400988372,2018-02-17,USC,Oregon State,53,1,00:00:00,1200,1200,End of 1st half,32,30,2,14,0.8048755342533662,0.5765093285143758,4,4,8.8,NA,NA,NA,NA,NA,NA,NA,NA,Oregon State,NA
400988372,2018-02-17,USC,Oregon State,54,2,20:00:00,1200,1200,PLAY,32,30,2,0,0.8048755342533662,0.5765093285143758,4,4,8.8,NA,NA,NA,NA,NA,NA,NA,NA,NA,Oregon State
400988372,2018-02-17,USC,Oregon State,57,2,17:26:00,1046,1046,Elijah Stewart Defensive Rebound.,37,34,3,2,0.8261622946334316,0.6226270526869097,4,4,8.8,NA,NA,NA,NA,NA,NA,NA,NA,Oregon State,Oregon State
400988372,2018-02-17,USC,Oregon State,59,2,15:45:00,945,945,Tres Tinkle Defensive Rebound.,42,38,4,15,0.8498414309781965,0.6704009859344976,4,4,8.8,NA,NA,NA,NA,NA,NA,NA,NA,Oregon State,Oregon State
400988372,2018-02-17,USC,Oregon State,61,2,14:36:00,876,876,Ethan Thompson Steal.,44,41,3,6,0.8254753358304282,0.63449056833075,4,4,8.8,NA,NA,NA,NA,NA,NA,NA,NA,USC,Oregon State
400988372,2018-02-17,USC,Oregon State,63,2,13:45:00,825,825,Chimezie Metu Steal.,44,43,1,14,0.7642050846441625,0.5469955773272931,4,4,8.8,NA,NA,NA,NA,NA,NA,NA,NA,Oregon State,USC
400988372,2018-02-17,USC,Oregon State,64,2,12:50:00,770,770,Chimezie Metu made Free Throw.,48,45,3,55,0.8255459707468633,0.6421998192076488,4,4,8.8,NA,NA,USC,made,Chimezie Metu,NA,FALSE,TRUE,USC,USC
400988372,2018-02-17,USC,Oregon State,65,2,12:50:00,770,770,Chimezie Metu missed Free Throw.,48,45,3,0,0.8255459707468633,0.6421998192076488,4,4,8.8,NA,NA,USC,missed,Chimezie Metu,NA,FALSE,TRUE,USC,Oregon State
400988372,2018-02-17,USC,Oregon State,66,2,12:50:00,770,770,Gligorije Rakocevic Defensive Rebound.,48,45,3,0,0.8255459707468633,0.6421998192076488,4,4,8.8,NA,NA,NA,NA,NA,NA,NA,NA,USC,Oregon State
400988372,2018-02-17,USC,Oregon State,67,2,12:28:00,748,748,Ethan Thompson Offensive Rebound.,48,45,3,22,0.8257908372849349,0.6444463873169183,4,4,8.8,NA,NA,NA,NA,NA,NA,NA,NA,Oregon State,USC
400988372,2018-02-17,USC,Oregon State,68,2,12:11:00,731,731,USC Defensive Rebound.,48,45,3,17,0.8260605488963944,0.646420230520399,4,4,8.8,NA,NA,NA,NA,NA,NA,NA,NA,USC,USC
400988372,2018-02-17,USC,Oregon State,69,2,11:56:00,716,716,Gligorije Rakocevic Steal.,48,45,3,15,0.826294605390494,0.6481822079193158,4,4,8.8,NA,NA,NA,NA,NA,NA,NA,NA,USC,Oregon State
400988372,2018-02-17,USC,Oregon State,70,2,11:29:00,689,689,Tres Tinkle Defensive Rebound.,48,45,3,27,0.8265266349517509,0.650942097741497,4,4,8.8,NA,NA,NA,NA,NA,NA,NA,NA,Oregon State,USC
400988372,2018-02-17,USC,Oregon State,71,2,11:04:00,664,664,USC Deadball Team Rebound.,48,45,3,25,0.8266197448941079,0.6532451594590588,4,4,8.8,NA,NA,NA,NA,NA,NA,NA,NA,USC,USC
400988372,2018-02-17,USC,Oregon State,72,2,10:45:00,645,645,Stephen Thompson Jr. Steal.,48,45,3,19,0.8266773785777441,0.6549823250916987,4,4,8.8,NA,NA,NA,NA,NA,NA,NA,NA,USC,Oregon State
400988372,2018-02-17,USC,Oregon State,73,2,10:43:00,643,643,Ethan Thompson made Free Throw.,48,46,2,2,0.7938622874649451,0.6053705441414853,4,4,8.8,NA,NA,Oregon State,made,Ethan Thompson,NA,FALSE,TRUE,Oregon State,Oregon State
400988372,2018-02-17,USC,Oregon State,74,2,10:43:00,643,643,Ethan Thompson missed Free Throw.,48,46,2,0,0.7938622874649451,0.6053705441414853,4,4,8.8,NA,NA,Oregon State,missed,Ethan Thompson,NA,FALSE,TRUE,Oregon State,USC
400988372,2018-02-17,USC,Oregon State,75,2,10:43:00,643,643,Chimezie Metu Defensive Rebound.,48,46,2,0,0.7938622874649451,0.6053705441414853,4,4,8.8,NA,NA,NA,NA,NA,NA,NA,NA,Oregon State,USC
400988372,2018-02-17,USC,Oregon State,76,2,10:14:00,614,614,Tres Tinkle Defensive Rebound.,48,46,2,29,0.7933740577513898,0.607425098843964,4,4,8.8,NA,NA,NA,NA,NA,NA,NA,NA,USC,Oregon State
400988372,2018-02-17,USC,Oregon State,78,2,08:51:00,531,531,Kendal Manuel Defensive Rebound.,50,46,4,27,0.8600403741015406,0.7203703247597191,4,4,8.8,NA,NA,NA,NA,NA,NA,NA,NA,Oregon State,USC
400988372,2018-02-17,USC,Oregon State,79,2,08:51:00,531,531,Kendal Manuel missed Free Throw.,50,46,4,0,0.8600403741015406,0.7203703247597191,4,4,8.8,NA,NA,Oregon State,missed,Kendal Manuel,NA,FALSE,TRUE,Oregon State,USC
400988372,2018-02-17,USC,Oregon State,80,2,08:51:00,531,531,Nick Rakocevic Defensive Rebound.,50,46,4,0,0.8600403741015406,0.7203703247597191,4,4,8.8,NA,NA,NA,NA,NA,NA,NA,NA,Oregon State,USC
400988372,2018-02-17,USC,Oregon State,81,2,08:22:00,502,502,Chimezie Metu Offensive Rebound.,50,46,4,29,0.86120987427471,0.7251778621784715,4,4,8.8,NA,NA,NA,NA,NA,NA,NA,NA,USC,Oregon State
400988372,2018-02-17,USC,Oregon State,83,2,07:47:00,467,467,Jordan Usher Offensive Rebound.,52,46,6,4,0.912038785838584,0.8178017893538115,4,4,8.8,NA,NA,NA,NA,NA,NA,NA,NA,USC,Oregon State
400988372,2018-02-17,USC,Oregon State,85,2,07:23:00,443,443,Alfred Hollins Offensive Rebound.,54,46,8,0,0.946995735595308,0.8868948672647714,4,4,8.8,NA,NA,NA,NA,NA,NA,NA,NA,Oregon State,Oregon State
400988372,2018-02-17,USC,Oregon State,86,2,07:22:00,442,442,Alfred Hollins made Free Throw.,54,49,5,1,0.8920439042820963,0.7839593552413722,4,4,8.8,NA,NA,Oregon State,made,Alfred Hollins,NA,FALSE,TRUE,Oregon State,USC
400988372,2018-02-17,USC,Oregon State,87,2,07:12:00,432,432,Nick Rakocevic Offensive Rebound.,54,49,5,10,0.8932585621702729,0.7871639203724771,4,4,8.8,NA,NA,NA,NA,NA,NA,NA,NA,USC,USC
400988372,2018-02-17,USC,Oregon State,88,2,07:10:00,430,430,Nick Rakocevic missed Two Point Tip Shot.,54,49,5,2,0.8935267954258541,0.7878559080799823,4,4,8.8,NA,NA,USC,missed,Nick Rakocevic,NA,FALSE,FALSE,USC,Oregon State
400988372,2018-02-17,USC,Oregon State,89,2,07:10:00,430,430,Kendal Manuel Defensive Rebound.,54,49,5,0,0.8935267954258541,0.7878559080799823,4,4,8.8,NA,NA,NA,NA,NA,NA,NA,NA,USC,Oregon State
400988372,2018-02-17,USC,Oregon State,90,2,06:51:00,411,411,USC Deadball Team Rebound.,54,49,5,19,0.8958195519071588,0.7940361327070943,4,4,8.8,NA,NA,NA,NA,NA,NA,NA,NA,Oregon State,USC
400988372,2018-02-17,USC,Oregon State,91,2,06:31:00,391,391,Jordan Usher made Free Throw.,55,49,6,20,0.92061576302215,0.8406695609173681,4,4,8.8,NA,NA,USC,made,Jordan Usher,NA,FALSE,TRUE,USC,USC
400988372,2018-02-17,USC,Oregon State,92,2,06:31:00,391,391,Jordan Usher missed Free Throw.,55,49,6,0,0.92061576302215,0.8406695609173681,4,4,8.8,NA,NA,USC,missed,Jordan Usher,NA,FALSE,TRUE,USC,Oregon State
400988372,2018-02-17,USC,Oregon State,93,2,06:31:00,391,391,Tres Tinkle Defensive Rebound.,55,49,6,0,0.92061576302215,0.8406695609173681,4,4,8.8,NA,NA,NA,NA,NA,NA,NA,NA,USC,Oregon State
400988372,2018-02-17,USC,Oregon State,94,2,05:00:00,300,300,Chimezie Metu Defensive Rebound.,57,51,6,91,0.9338242483522418,0.8740766152316387,4,4,8.8,NA,NA,NA,NA,NA,NA,NA,NA,Oregon State,Oregon State
400988372,2018-02-17,USC,Oregon State,96,2,04:26:00,266,266,Chimezie Metu Defensive Rebound.,59,51,8,0,0.96244684018877,0.9286142999768648,4,4,8.8,NA,NA,NA,NA,NA,NA,NA,NA,Oregon State,USC
400988372,2018-02-17,USC,Oregon State,97,2,03:43:00,223,223,Drew Eubanks made Free Throw.,61,52,9,43,0.9702736673807644,0.9453087697829458,4,4,8.8,NA,NA,Oregon State,made,Drew Eubanks,NA,FALSE,TRUE,Oregon State,Oregon State
400988372,2018-02-17,USC,Oregon State,98,2,03:43:00,223,223,Drew Eubanks made Free Throw.,61,53,8,0,0.9596469907987464,0.9264342070472564,4,4,8.8,NA,NA,Oregon State,made,Drew Eubanks,NA,FALSE,TRUE,Oregon State,USC
400988372,2018-02-17,USC,Oregon State,99,2,03:22:00,202,202,Jordan McLaughlin missed Free Throw.,61,53,8,21,0.9639757768077007,0.9355050810414348,4,4,8.8,NA,NA,USC,missed,Jordan McLaughlin,NA,FALSE,TRUE,USC,USC
400988372,2018-02-17,USC,Oregon State,100,2,03:22:00,202,202,USC Deadball Team Rebound.,61,53,8,0,0.9639757768077007,0.9355050810414348,4,4,8.8,NA,NA,NA,NA,NA,NA,NA,NA,USC,USC
400988372,2018-02-17,USC,Oregon State,101,2,03:22:00,202,202,Jordan McLaughlin made Free Throw.,62,53,9,0,0.9739460647330348,0.9529706687303536,4,4,8.8,NA,NA,USC,made,Jordan McLaughlin,NA,FALSE,TRUE,USC,Oregon State
400988372,2018-02-17,USC,Oregon State,102,2,03:00:00,180,180,Alfred Hollins missed Free Throw.,62,53,9,22,0.9814235318028026,0.9671307066631036,4,4,8.8,NA,NA,Oregon State,missed,Alfred Hollins,NA,FALSE,TRUE,Oregon State,Oregon State
400988372,2018-02-17,USC,Oregon State,103,2,03:00:00,180,180,Oregon State Deadball Team Rebound.,62,53,9,0,0.9814235318028026,0.9671307066631036,4,4,8.8,NA,NA,NA,NA,NA,NA,NA,NA,Oregon State,Oregon State
400988372,2018-02-17,USC,Oregon State,104,2,03:00:00,180,180,Alfred Hollins missed Free Throw.,62,53,9,0,0.9814235318028026,0.9671307066631036,4,4,8.8,NA,NA,Oregon State,missed,Alfred Hollins,NA,FALSE,TRUE,Oregon State,Oregon State
400988372,2018-02-17,USC,Oregon State,105,2,03:00:00,180,180,Chimezie Metu Defensive Rebound.,62,53,9,0,0.9814235318028026,0.9671307066631036,4,4,8.8,NA,NA,NA,NA,NA,NA,NA,NA,Oregon State,Oregon State
400988372,2018-02-17,USC,Oregon State,107,2,01:45:00,105,105,Drew Eubanks Steal.,64,53,11,27,0.9990199391196888,0.99841444736755,4,4,8.8,NA,NA,NA,NA,NA,NA,NA,NA,USC,Oregon State
400988372,2018-02-17,USC,Oregon State,108,2,01:23:00,83,83,Jordan McLaughlin made Free Throw.,65,55,10,22,0.999300401468838,0.9989062186401162,4,4,8.8,NA,NA,USC,made,Jordan McLaughlin,NA,FALSE,TRUE,USC,USC
400988372,2018-02-17,USC,Oregon State,109,2,01:23:00,83,83,Jordan McLaughlin made Free Throw.,66,55,11,0,0.9996460518373332,0.9994465148935096,4,4,8.8,NA,NA,USC,made,Jordan McLaughlin,NA,FALSE,TRUE,USC,USC
400988372,2018-02-17,USC,Oregon State,110,2,00:50:00,50,50,Jordan McLaughlin made Free Throw.,67,57,10,33,0.9998647916492398,0.9997998362694142,4,4,8.8,NA,NA,USC,made,Jordan McLaughlin,NA,FALSE,TRUE,USC,USC
400988372,2018-02-17,USC,Oregon State,111,2,00:50:00,50,50,Jordan McLaughlin made Free Throw.,68,57,11,0,0.9999422988575352,0.9999145754977518,4,4,8.8,NA,NA,USC,made,Jordan McLaughlin,NA,FALSE,TRUE,USC,Oregon State
400988372,2018-02-17,USC,Oregon State,112,2,00:39:00,39,39,Tres Tinkle made Free Throw.,68,58,10,11,0.9999274873259532,0.9998946948799846,4,4,8.8,NA,NA,Oregon State,made,Tres Tinkle,NA,FALSE,TRUE,Oregon State,Oregon State
400988372,2018-02-17,USC,Oregon State,113,2,00:39:00,39,39,Tres Tinkle made Free Throw.,68,59,9,0,0.9998188171037437,0.9997368935951992,4,4,8.8,NA,NA,Oregon State,made,Tres Tinkle,NA,FALSE,TRUE,Oregon State,USC
400988372,2018-02-17,USC,Oregon State,114,2,00:35:00,35,35,Elijah Stewart made Free Throw.,69,59,10,4,0.9999427687960732,0.9999174764799892,4,4,8.8,NA,NA,USC,made,Elijah Stewart,NA,FALSE,TRUE,USC,USC
400988372,2018-02-17,USC,Oregon State,115,2,00:35:00,35,35,Elijah Stewart made Free Throw.,70,59,11,0,0.9999776483602544,0.999967769952443,4,4,8.8,NA,NA,USC,made,Elijah Stewart,NA,FALSE,TRUE,USC,USC
400988372,2018-02-17,USC,Oregon State,116,2,00:26:00,26,26,Stephen Thompson Jr. Offensive Rebound.,70,59,11,9,0.999987795412776,0.9999826849773006,4,4,8.8,NA,NA,NA,NA,NA,NA,NA,NA,USC,USC
400988372,2018-02-17,USC,Oregon State,117,2,00:17:00,17,17,Elijah Stewart made Free Throw.,71,59,12,9,0.999997741008707,0.999996847681954,4,4,8.8,NA,NA,USC,made,Elijah Stewart,NA,FALSE,TRUE,USC,USC
400988372,2018-02-17,USC,Oregon State,118,2,00:17:00,17,17,Elijah Stewart made Free Throw.,72,59,13,0,0.99999921391807,0.9999989030583232,4,4,8.8,NA,NA,USC,made,Elijah Stewart,NA,FALSE,TRUE,USC,Oregon State
400988372,2018-02-17,USC,Oregon State,121,2,00:00:00,0,0,End of Game,72,59,13,9,1,1,4,4,8.8,NA,NA,NA,NA,NA,NA,NA,NA,USC,NA
