game_id,date,home,away,play_id,half,time_remaining_half,secs_remaining,secs_remaining_absolute,description,home_score,away_score,score_diff,play_length,win_prob,naive_win_prob,home_time_out_remaining,away_time_out_remaining,home_favored_by,shot_x,shot_y,shot_team,shot_outcome,shooter,assist,three_pt,free_throw,possession_before,possession_after
400989417,2018-02-14,Denver,Omaha,1,1,20:00:00,2400,2400,PLAY,0,0,0,0,0.7719360745098691,0.5,4,4,7.6,NA,NA,NA,NA,NA,NA,NA,NA,NA,Denver
400989417,2018-02-14,Denver,Omaha,3,1,18:12:00,2292,2292,Daniel Amigo made Free Throw.,8,2,6,75,0.8536249585873473,0.6359869256266633,4,4,7.6,NA,NA,Denver,made,Daniel Amigo,NA,FALSE,TRUE,Denver,Omaha
400989417,2018-02-14,Denver,Omaha,4,1,18:00:00,2280,2280,Joe Rosga Steal.,8,2,6,12,0.8538225401402885,0.6367381383286663,4,4,7.6,NA,NA,NA,NA,NA,NA,NA,NA,Omaha,Denver
400989417,2018-02-14,Denver,Omaha,5,1,17:23:00,2243,2243,Zach Jackson Defensive Rebound.,10,4,6,37,0.8544233677109263,0.6390727907955372,4,4,7.6,NA,NA,NA,NA,NA,NA,NA,NA,Denver,Omaha
400989417,2018-02-14,Denver,Omaha,6,1,17:15:00,2235,2235,Jake Krafka Steal.,10,4,6,8,0.854551262999954,0.6395807124988613,4,4,7.6,NA,NA,NA,NA,NA,NA,NA,NA,Omaha,Denver
400989417,2018-02-14,Denver,Omaha,7,1,17:10:00,2230,2230,Mitchell Hahn Defensive Rebound.,10,4,6,5,0.8546307790700511,0.6398986463524814,4,4,7.6,NA,NA,NA,NA,NA,NA,NA,NA,Denver,Omaha
400989417,2018-02-14,Denver,Omaha,9,1,15:56:00,2156,2156,KJ Robinson Defensive Rebound.,12,8,4,43,0.829489772248408,0.5979734467601393,4,4,7.6,NA,NA,NA,NA,NA,NA,NA,NA,Omaha,Omaha
400989417,2018-02-14,Denver,Omaha,10,1,15:39:00,2139,2139,Daniel Norl made Free Throw.,12,9,3,17,0.8149313073117336,0.5744836413761442,4,4,7.6,NA,NA,Omaha,made,Daniel Norl,NA,FALSE,TRUE,Omaha,Omaha
400989417,2018-02-14,Denver,Omaha,11,1,15:39:00,2139,2139,Daniel Norl made Free Throw.,12,10,2,0,0.7993634529832858,0.5498617568700167,4,4,7.6,NA,NA,Omaha,made,Daniel Norl,NA,FALSE,TRUE,Omaha,Denver
400989417,2018-02-14,Denver,Omaha,12,1,15:23:00,2123,2123,Daniel Meyer Defensive Rebound.,12,10,2,16,0.7991792253579694,0.5502362343092052,4,4,7.6,NA,NA,NA,NA,NA,NA,NA,NA,Denver,Denver
400989417,2018-02-14,Denver,Omaha,13,1,14:26:00,2066,2066,Ade Murkey Offensive Rebound.,14,12,2,57,0.7984779256373357,0.5515895536493832,4,4,7.6,NA,NA,NA,NA,NA,NA,NA,NA,Denver,Denver
400989417,2018-02-14,Denver,Omaha,14,1,14:05:00,2045,2045,Jake Krafka Defensive Rebound.,14,12,2,21,0.7982029994658865,0.5520965806367524,4,4,7.6,NA,NA,NA,NA,NA,NA,NA,NA,Denver,Denver
400989417,2018-02-14,Denver,Omaha,16,1,13:07:00,1987,1987,Jake Pemberton Defensive Rebound.,14,14,0,18,0.7604623880202397,0.5,4,4,7.6,NA,NA,NA,NA,NA,NA,NA,NA,Omaha,Denver
400989417,2018-02-14,Denver,Omaha,19,1,10:21:00,1821,1821,Christian Mackey missed Free Throw.,24,16,8,56,0.8859582312357478,0.7168058763910219,4,4,7.6,NA,NA,Denver,missed,Christian Mackey,NA,FALSE,TRUE,Denver,Denver
400989417,2018-02-14,Denver,Omaha,20,1,10:21:00,1821,1821,Denver Deadball Team Rebound.,24,16,8,0,0.8859582312357478,0.7168058763910219,4,4,7.6,NA,NA,NA,NA,NA,NA,NA,NA,Denver,Denver
400989417,2018-02-14,Denver,Omaha,21,1,10:21:00,1821,1821,Christian Mackey made Free Throw.,25,16,9,0,0.897171924719501,0.7397667335431951,4,4,7.6,NA,NA,Denver,made,Christian Mackey,NA,FALSE,TRUE,Denver,Omaha
400989417,2018-02-14,Denver,Omaha,22,1,10:05:00,1805,1805,Matt Pile made Free Throw.,25,17,8,16,0.8862900186780699,0.7181843056483589,4,4,7.6,NA,NA,Omaha,made,Matt Pile,NA,FALSE,TRUE,Omaha,Omaha
400989417,2018-02-14,Denver,Omaha,23,1,10:05:00,1805,1805,Matt Pile made Free Throw.,25,18,7,0,0.8739626040299593,0.6939260843227208,4,4,7.6,NA,NA,Omaha,made,Matt Pile,NA,FALSE,TRUE,Omaha,Denver
400989417,2018-02-14,Denver,Omaha,24,1,09:39:00,1779,1779,Mitchell Hahn Steal.,25,18,7,26,0.8744018492771943,0.6959998151896163,4,4,7.6,NA,NA,NA,NA,NA,NA,NA,NA,Denver,Denver
400989417,2018-02-14,Denver,Omaha,25,1,09:36:00,1776,1776,Donoven Carlisle Defensive Rebound.,25,18,7,3,0.8744529202547002,0.6962407841046182,4,4,7.6,NA,NA,NA,NA,NA,NA,NA,NA,Denver,Denver
400989417,2018-02-14,Denver,Omaha,27,1,08:43:00,1723,1723,Denver Offensive Rebound.,28,18,10,30,0.9100044733571264,0.771063596346113,4,4,7.6,NA,NA,NA,NA,NA,NA,NA,NA,Denver,Denver
400989417,2018-02-14,Denver,Omaha,28,1,08:27:00,1707,1707,Daniel Amigo made Free Throw.,29,18,11,16,0.9199354920491436,0.7934456626001178,4,4,7.6,NA,NA,Denver,made,Daniel Amigo,NA,FALSE,TRUE,Denver,Denver
400989417,2018-02-14,Denver,Omaha,29,1,08:27:00,1707,1707,Daniel Amigo made Free Throw.,30,18,12,0,0.9284963733744608,0.8127789174147836,4,4,7.6,NA,NA,Denver,made,Daniel Amigo,NA,FALSE,TRUE,Denver,Omaha
400989417,2018-02-14,Denver,Omaha,30,1,08:14:00,1694,1694,Zach Jackson missed Free Throw.,30,18,12,13,0.9288947356531764,0.8141524023526608,4,4,7.6,NA,NA,Omaha,missed,Zach Jackson,NA,FALSE,TRUE,Omaha,Omaha
400989417,2018-02-14,Denver,Omaha,31,1,08:14:00,1694,1694,Omaha Deadball Team Rebound.,30,18,12,0,0.9288947356531764,0.8141524023526608,4,4,7.6,NA,NA,NA,NA,NA,NA,NA,NA,Omaha,Omaha
400989417,2018-02-14,Denver,Omaha,32,1,08:14:00,1694,1694,Zach Jackson made Free Throw.,30,19,11,0,0.920322163837894,0.7948022001420224,4,4,7.6,NA,NA,Omaha,made,Zach Jackson,NA,FALSE,TRUE,Omaha,Denver
400989417,2018-02-14,Denver,Omaha,33,1,08:00:00,1680,1680,Ade Murkey Offensive Rebound.,30,19,11,14,0.9207375879924168,0.7962629377497698,4,4,7.6,NA,NA,NA,NA,NA,NA,NA,NA,Denver,Denver
400989417,2018-02-14,Denver,Omaha,34,1,07:57:00,1677,1677,Ade Murkey missed Two Point Tip Shot.,30,19,11,3,0.9208240864003356,0.7965713988011603,4,4,7.6,NA,NA,Denver,missed,Ade Murkey,NA,FALSE,FALSE,Denver,Omaha
400989417,2018-02-14,Denver,Omaha,35,1,07:57:00,1677,1677,Mitchell Hahn Defensive Rebound.,30,19,11,0,0.9208240864003356,0.7965713988011603,4,4,7.6,NA,NA,NA,NA,NA,NA,NA,NA,Denver,Omaha
400989417,2018-02-14,Denver,Omaha,37,1,05:57:00,1557,1557,Mitchell Hahn Defensive Rebound.,33,25,8,3,0.8912561332973155,0.7399678567950787,4,4,7.6,NA,NA,NA,NA,NA,NA,NA,NA,Omaha,Omaha
400989417,2018-02-14,Denver,Omaha,38,1,05:50:00,1550,1550,Zach Jackson made Free Throw.,33,26,7,7,0.8780154037731952,0.7145965287852271,4,4,7.6,NA,NA,Omaha,made,Zach Jackson,NA,FALSE,TRUE,Omaha,Omaha
400989417,2018-02-14,Denver,Omaha,39,1,05:50:00,1550,1550,Zach Jackson made Free Throw.,33,27,6,0,0.8632621762424459,0.6871218669797265,4,4,7.6,NA,NA,Omaha,made,Zach Jackson,NA,FALSE,TRUE,Omaha,Omaha
400989417,2018-02-14,Denver,Omaha,40,1,05:26:00,1526,1526,Mitchell Hahn Defensive Rebound.,33,27,6,24,0.8634642565804204,0.6888800617074768,4,4,7.6,NA,NA,NA,NA,NA,NA,NA,NA,Omaha,Omaha
400989417,2018-02-14,Denver,Omaha,41,1,05:24:00,1524,1524,Mitchell Hahn made Free Throw.,33,28,5,2,0.8470854053340563,0.659930843548042,4,4,7.6,NA,NA,NA,made,Mitchell Hahn,NA,FALSE,TRUE,Omaha,Omaha
400989417,2018-02-14,Denver,Omaha,42,1,05:24:00,1524,1524,Mitchell Hahn missed Free Throw.,33,28,5,0,0.8470854053340563,0.659930843548042,4,4,7.6,NA,NA,NA,missed,Mitchell Hahn,NA,FALSE,TRUE,Omaha,Omaha
400989417,2018-02-14,Denver,Omaha,43,1,05:24:00,1524,1524,Daniel Amigo Defensive Rebound.,33,28,5,0,0.8470854053340563,0.659930843548042,4,4,7.6,NA,NA,NA,NA,NA,NA,NA,NA,Omaha,Omaha
400989417,2018-02-14,Denver,Omaha,46,1,04:17:00,1457,1457,Zach Jackson made Two Point Tip Shot.,38,30,8,3,0.893276791805224,0.7491073273938109,4,4,7.6,NA,NA,Omaha,made,Zach Jackson,NA,FALSE,FALSE,Omaha,Denver
400989417,2018-02-14,Denver,Omaha,49,1,02:36:00,1356,1356,Abiola Akintola Offensive Rebound.,43,30,13,23,0.9459985594020358,0.8653549687242148,4,4,7.6,NA,NA,NA,NA,NA,NA,NA,NA,Denver,Denver
400989417,2018-02-14,Denver,Omaha,52,1,00:00:00,1200,1200,End of 1st half,52,36,16,0,0.9684797961110314,0.9218447990893212,4,4,7.6,NA,NA,NA,NA,NA,NA,NA,NA,Denver,NA
400989417,2018-02-14,Denver,Omaha,53,2,20:00:00,1200,1200,PLAY,52,36,16,0,0.9684797961110314,0.9218447990893212,4,4,7.6,NA,NA,NA,NA,NA,NA,NA,NA,NA,Denver
400989417,2018-02-14,Denver,Omaha,54,2,19:47:00,1187,1187,Mitchell Hahn Steal.,52,36,16,13,0.9688930877063534,0.923085832537657,4,4,7.6,NA,NA,NA,NA,NA,NA,NA,NA,Denver,Denver
400989417,2018-02-14,Denver,Omaha,55,2,19:22:00,1162,1162,Zach Jackson Steal.,52,36,16,25,0.969647648175365,0.925358019440539,4,4,7.6,NA,NA,NA,NA,NA,NA,NA,NA,Denver,Omaha
400989417,2018-02-14,Denver,Omaha,57,2,18:43:00,1123,1123,Omaha Deadball Team Rebound.,54,36,18,0,0.9786164583301332,0.9472475157316712,4,4,7.6,NA,NA,NA,NA,NA,NA,NA,NA,Omaha,Omaha
400989417,2018-02-14,Denver,Omaha,58,2,18:43:00,1123,1123,Matt Pile made Free Throw.,54,37,17,0,0.974988174505336,0.9386304418008984,4,4,7.6,NA,NA,Omaha,made,Matt Pile,NA,FALSE,TRUE,Omaha,Omaha
400989417,2018-02-14,Denver,Omaha,61,2,16:59:00,1019,1019,Mitchell Hahn Defensive Rebound.,58,37,21,25,0.988620909902056,0.9723124957602138,4,4,7.6,NA,NA,NA,NA,NA,NA,NA,NA,Omaha,Omaha
400989417,2018-02-14,Denver,Omaha,62,2,16:53:00,1013,1013,Daniel Amigo Block.,58,37,21,6,0.9887418506710928,0.9726489502257571,4,4,7.6,NA,NA,NA,NA,NA,NA,NA,NA,Omaha,Omaha
400989417,2018-02-14,Denver,Omaha,63,2,16:51:00,1011,1011,Matt Pile Offensive Rebound.,58,37,21,2,0.9887824932919536,0.972761726261959,4,4,7.6,NA,NA,NA,NA,NA,NA,NA,NA,Omaha,Omaha
400989417,2018-02-14,Denver,Omaha,65,2,16:20:00,980,980,Matt Pile Defensive Rebound.,58,39,19,2,0.98511508491638,0.964367082275091,4,4,7.6,NA,NA,NA,NA,NA,NA,NA,NA,Omaha,Omaha
400989417,2018-02-14,Denver,Omaha,68,2,14:55:00,895,895,Zach Jackson Defensive Rebound.,60,46,14,5,0.9683565594099826,0.92761282971114,4,4,7.6,NA,NA,NA,NA,NA,NA,NA,NA,Omaha,Omaha
400989417,2018-02-14,Denver,Omaha,70,2,11:25:00,685,685,Mitchell Hahn made Free Throw.,67,55,12,130,0.9647085776743948,0.9240991532750612,4,4,7.6,NA,NA,NA,made,Mitchell Hahn,NA,FALSE,TRUE,Denver,Denver
400989417,2018-02-14,Denver,Omaha,71,2,11:25:00,685,685,Mitchell Hahn made Free Throw.,67,56,11,0,0.956888764147022,0.9081380006761358,4,4,7.6,NA,NA,NA,made,Mitchell Hahn,NA,FALSE,TRUE,Denver,Denver
400989417,2018-02-14,Denver,Omaha,72,2,11:20:00,680,680,Jake Holtzmann Offensive Rebound.,67,56,11,5,0.9571306526860844,0.9087635996282796,4,4,7.6,NA,NA,NA,NA,NA,NA,NA,NA,Denver,Denver
400989417,2018-02-14,Denver,Omaha,74,2,10:46:00,646,646,JT Gibson made Free Throw.,67,61,6,9,0.88866316136077,0.7826542326672704,4,4,7.6,NA,NA,Omaha,made,JT Gibson,NA,FALSE,TRUE,Omaha,Denver
400989417,2018-02-14,Denver,Omaha,76,2,09:35:00,575,575,Ade Murkey made Free Throw.,70,63,7,30,0.9128841982154215,0.8291077396141406,4,4,7.6,NA,NA,Denver,made,Ade Murkey,NA,FALSE,TRUE,Denver,Denver
400989417,2018-02-14,Denver,Omaha,77,2,09:35:00,575,575,Ade Murkey missed Free Throw.,70,63,7,0,0.9128841982154215,0.8291077396141406,4,4,7.6,NA,NA,Denver,missed,Ade Murkey,NA,FALSE,TRUE,Denver,Omaha
400989417,2018-02-14,Denver,Omaha,78,2,09:35:00,575,575,Mitchell Hahn Defensive Rebound.,70,63,7,0,0.9128841982154215,0.8291077396141406,4,4,7.6,NA,NA,NA,NA,NA,NA,NA,NA,Denver,Omaha
400989417,2018-02-14,Denver,Omaha,79,2,09:08:00,548,548,Ade Murkey Defensive Rebound.,70,63,7,27,0.9156764303131932,0.8357174798071845,4,4,7.6,NA,NA,NA,NA,NA,NA,NA,NA,Omaha,Denver
400989417,2018-02-14,Denver,Omaha,80,2,08:47:00,527,527,Ade Murkey Offensive Rebound.,70,63,7,21,0.917683995206476,0.8405365042191612,4,4,7.6,NA,NA,NA,NA,NA,NA,NA,NA,Denver,Denver
400989417,2018-02-14,Denver,Omaha,81,2,08:42:00,522,522,Ade Murkey missed Two Point Tip Shot.,70,63,7,5,0.9180874789212152,0.841537237634841,4,4,7.6,NA,NA,Denver,missed,Ade Murkey,NA,FALSE,FALSE,Denver,Omaha
400989417,2018-02-14,Denver,Omaha,82,2,08:42:00,522,522,Ayo Akinwole Defensive Rebound.,70,63,7,0,0.9180874789212152,0.841537237634841,4,4,7.6,NA,NA,NA,NA,NA,NA,NA,NA,Denver,Omaha
400989417,2018-02-14,Denver,Omaha,83,2,08:39:00,519,519,Ade Murkey Defensive Rebound.,70,63,7,3,0.9183205278564078,0.8421198114160688,4,4,7.6,NA,NA,NA,NA,NA,NA,NA,NA,Omaha,Denver
400989417,2018-02-14,Denver,Omaha,84,2,08:10:00,490,490,Ade Murkey Offensive Rebound.,70,63,7,29,0.9204437464002788,0.8474878597453049,4,4,7.6,NA,NA,NA,NA,NA,NA,NA,NA,Denver,Denver
400989417,2018-02-14,Denver,Omaha,85,2,08:08:00,488,488,Ade Murkey made Two Point Tip Shot.,72,63,9,2,0.9498506204901564,0.9010373396971364,4,4,7.6,NA,NA,Denver,made,Ade Murkey,NA,FALSE,FALSE,Denver,Omaha
400989417,2018-02-14,Denver,Omaha,86,2,07:54:00,474,474,Jake Pemberton Steal.,72,63,9,14,0.9508792165186029,0.9035059987025772,4,4,7.6,NA,NA,NA,NA,NA,NA,NA,NA,Omaha,Denver
400989417,2018-02-14,Denver,Omaha,87,2,07:50:00,470,470,Ayo Akinwole Steal.,72,63,9,4,0.951199442051234,0.9042620101734098,4,4,7.6,NA,NA,NA,NA,NA,NA,NA,NA,Denver,Omaha
400989417,2018-02-14,Denver,Omaha,89,2,06:13:00,373,373,Jake Krafka made Free Throw.,75,67,8,10,0.9497757346508636,0.9065041695412094,4,4,7.6,NA,NA,Denver,made,Jake Krafka,NA,FALSE,TRUE,Denver,Denver
400989417,2018-02-14,Denver,Omaha,90,2,06:13:00,373,373,Jake Krafka made Free Throw.,76,67,9,0,0.961716011732195,0.9279514112091244,4,4,7.6,NA,NA,Denver,made,Jake Krafka,NA,FALSE,TRUE,Denver,Denver
400989417,2018-02-14,Denver,Omaha,91,2,05:51:00,351,351,Jake Krafka Block.,76,67,9,22,0.9641649026182288,0.9333874577331752,4,4,7.6,NA,NA,NA,NA,NA,NA,NA,NA,Denver,Denver
400989417,2018-02-14,Denver,Omaha,92,2,05:50:00,350,350,Daniel Meyer Offensive Rebound.,76,67,9,1,0.9642856657611864,0.9336502451690998,4,4,7.6,NA,NA,NA,NA,NA,NA,NA,NA,Denver,Denver
400989417,2018-02-14,Denver,Omaha,93,2,05:44:00,344,344,Jake Krafka Defensive Rebound.,76,67,9,6,0.9650317470312766,0.935262573575157,4,4,7.6,NA,NA,NA,NA,NA,NA,NA,NA,Denver,Denver
400989417,2018-02-14,Denver,Omaha,94,2,05:23:00,323,323,Jake Krafka made Free Throw.,79,67,12,21,0.9870600796131448,0.975949779018181,4,4,7.6,NA,NA,Denver,made,Jake Krafka,NA,FALSE,TRUE,Denver,Denver
400989417,2018-02-14,Denver,Omaha,96,2,04:37:00,277,277,JT Gibson Defensive Rebound.,79,69,10,3,0.9787617256493456,0.9621677603090648,4,4,7.6,NA,NA,NA,NA,NA,NA,NA,NA,Denver,Denver
400989417,2018-02-14,Denver,Omaha,97,2,04:26:00,266,266,Daniel Meyer Offensive Rebound.,79,69,10,11,0.9779608374700144,0.9610966601241202,4,4,7.6,NA,NA,NA,NA,NA,NA,NA,NA,Denver,Denver
400989417,2018-02-14,Denver,Omaha,99,2,03:28:00,208,208,Jake Pemberton Defensive Rebound.,79,71,8,28,0.9589891497916933,0.931960536892401,4,4,7.6,NA,NA,NA,NA,NA,NA,NA,NA,Denver,Denver
400989417,2018-02-14,Denver,Omaha,101,2,02:38:00,158,158,Christian Mackey Block.,81,71,10,17,0.9912228126971308,0.985879642215284,4,4,7.6,NA,NA,NA,NA,NA,NA,NA,NA,Denver,Denver
400989417,2018-02-14,Denver,Omaha,102,2,02:36:00,156,156,Donoven Carlisle Defensive Rebound.,81,71,10,2,0.9916085522338316,0.98652755932476,4,4,7.6,NA,NA,NA,NA,NA,NA,NA,NA,Denver,Denver
400989417,2018-02-14,Denver,Omaha,103,2,01:43:00,103,103,Jake Pemberton made Free Throw.,85,73,12,53,0.999469192835059,0.9991976948852148,4,4,7.6,NA,NA,Denver,made,Jake Pemberton,NA,FALSE,TRUE,Denver,Denver
400989417,2018-02-14,Denver,Omaha,104,2,01:43:00,103,103,Jake Pemberton made Free Throw.,86,73,13,0,0.9997068449534784,0.9995568477272538,4,4,7.6,NA,NA,Denver,made,Jake Pemberton,NA,FALSE,TRUE,Denver,Denver
400989417,2018-02-14,Denver,Omaha,105,2,01:33:00,93,93,Christian Mackey Block.,86,73,13,10,0.99982938955066325,0.9997455105092008,4,4,7.6,NA,NA,NA,NA,NA,NA,NA,NA,Denver,Denver
400989417,2018-02-14,Denver,Omaha,106,2,01:32:00,92,92,Mitchell Hahn Offensive Rebound.,86,73,13,1,0.999838732294312,0.9997597714978308,4,4,7.6,NA,NA,NA,NA,NA,NA,NA,NA,Denver,Denver
400989417,2018-02-14,Denver,Omaha,107,2,01:26:00,86,86,Jake Krafka Defensive Rebound.,86,73,13,6,0.9998854113843488,0.9998306932903118,4,4,7.6,NA,NA,NA,NA,NA,NA,NA,NA,Denver,Denver
400989417,2018-02-14,Denver,Omaha,108,2,01:05:00,65,65,Mitchell Hahn made Free Throw.,88,74,14,21,0.9999855708615902,0.9999793005472868,4,4,7.6,NA,NA,NA,made,Mitchell Hahn,NA,FALSE,TRUE,Denver,Denver
400989417,2018-02-14,Denver,Omaha,109,2,01:05:00,65,65,Mitchell Hahn made Free Throw.,88,75,13,0,0.9999688249720629,0.9999552779034812,4,4,7.6,NA,NA,NA,made,Mitchell Hahn,NA,FALSE,TRUE,Denver,Denver
400989417,2018-02-14,Denver,Omaha,110,2,00:57:00,57,57,Joe Rosga made Free Throw.,89,75,14,8,0.9999919491592316,0.9999885841673708,4,4,7.6,NA,NA,Denver,made,Joe Rosga,NA,FALSE,TRUE,Denver,Denver
400989417,2018-02-14,Denver,Omaha,111,2,00:57:00,57,57,Joe Rosga made Free Throw.,90,75,15,0,0.9999964288477594,0.9999949362117848,4,4,7.6,NA,NA,Denver,made,Joe Rosga,NA,FALSE,TRUE,Denver,Omaha
400989417,2018-02-14,Denver,Omaha,112,2,00:47:00,47,47,Ade Murkey Steal.,90,75,15,10,0.9999984307809474,0.9999978076697358,4,4,7.6,NA,NA,NA,NA,NA,NA,NA,NA,Omaha,Denver
400989417,2018-02-14,Denver,Omaha,114,2,00:28:00,28,28,Joe Rosga made Free Throw.,93,75,18,6,0.999999985028062,0.9999999796844348,4,4,7.6,NA,NA,Denver,made,Joe Rosga,NA,FALSE,TRUE,Denver,Denver
400989417,2018-02-14,Denver,Omaha,115,2,00:28:00,28,28,Joe Rosga made Free Throw.,94,75,19,0,0.9999999944032592,0.9999999924057292,4,4,7.6,NA,NA,Denver,made,Joe Rosga,NA,FALSE,TRUE,Denver,NA
400989417,2018-02-14,Denver,Omaha,116,2,00:00:00,0,0,End of Game,94,75,19,28,1,1,4,4,7.6,NA,NA,NA,NA,NA,NA,NA,NA,Denver,NA
